584,601,562,586,559
584,601,561,587,558
584,598,562,585,560
586,600,562,584,559
585,598,562,584,560
587,598,563,584,561
586,599,562,583,560
587,599,563,582,559
588,596,564,585,560
588,598,562,582,559
586,600,562,582,559
588,599,562,582,559
587,599,561,582,559
589,599,562,580,560
587,599,562,582,561
590,599,562,579,559
588,601,562,580,559
590,602,562,579,560
591,600,562,578,559
591,601,563,578,560
591,600,565,578,560
592,600,563,577,559
592,600,563,576,560
593,599,563,576,560
596,597,565,576,560
594,598,563,575,559
595,595,564,576,561
594,595,564,575,560
596,594,564,574,560
598,594,562,573,560
596,592,563,573,561
595,593,563,572,561
595,592,562,571,563
598,591,563,570,562
599,591,565,570,563
599,590,563,571,564
600,590,562,569,563
599,590,563,567,564
599,590,562,567,563
600,590,563,567,562
601,591,562,568,561
600,589,563,567,563
601,591,565,570,564
601,591,565,570,563
601,589,562,571,561
601,589,565,571,561
601,589,564,573,562
600,589,566,572,561
602,591,564,572,561
600,591,565,574,562
600,590,564,574,561
600,589,566,574,561
599,590,565,576,562
598,590,564,577,560
600,591,564,577,559
598,589,565,575,558
599,591,564,577,557
598,591,564,578,558
598,590,564,579,557
599,590,566,580,556
598,591,564,578,556
599,589,564,578,557
600,589,566,578,554
599,589,565,579,556
600,587,566,580,553
600,586,567,578,554
601,589,567,577,555
602,586,568,581,552
602,588,565,578,553
600,585,565,580,551
600,586,564,580,551
599,585,566,581,550
599,587,565,581,549
599,586,565,579,551
598,585,563,580,550
595,586,565,581,550
596,585,564,582,551
594,586,565,581,550
595,585,565,582,550
594,583,564,581,551
594,585,563,583,552
592,585,562,582,553
592,585,563,585,552
591,587,563,583,553
590,585,562,584,552
590,585,562,584,553
590,585,563,584,554
590,587,562,584,555
590,584,561,583,554
591,584,561,583,553
590,587,560,584,554
590,586,561,582,554
589,586,559,583,553
591,587,560,582,554
589,586,560,584,556
590,588,558,584,554
590,586,559,583,554
591,587,559,585,557
590,588,557,583,556
589,588,559,583,557
592,589,559,584,557
590,589,558,583,556
591,592,558,583,556
589,590,557,585,555
590,590,558,583,557
590,591,557,582,556
590,592,559,582,556
590,592,557,583,557
589,592,554,583,557
591,592,557,583,556
589,592,557,582,556
589,594,557,583,557
589,595,557,581,559
589,595,556,581,558
589,597,557,582,557
589,597,557,581,557
588,599,557,581,557
586,599,558,582,557
587,600,559,580,558
586,600,560,581,556
585,601,558,580,558
586,599,559,578,558
587,600,559,580,557
584,599,560,581,557
586,599,561,581,557
585,600,560,581,557
584,599,561,579,558
585,599,560,579,559
585,599,561,580,558
586,598,562,580,558
583,599,564,579,556
586,599,561,580,558
585,598,563,579,556
586,598,564,578,559
585,600,565,579,559
585,599,564,579,557
586,599,565,579,556
585,601,565,579,558
588,599,566,581,558
586,600,567,579,558
585,601,567,579,559
587,599,567,579,558
586,599,568,580,558
586,601,568,578,558
587,600,568,580,559
587,600,569,580,559
587,598,568,578,560
588,598,569,581,559
588,597,569,581,560
589,597,570,581,561
589,595,569,578,561
589,596,568,580,562
590,594,570,578,560
590,593,568,579,560
590,594,568,579,562
591,592,569,579,561
592,592,568,579,563
590,593,567,580,562
594,592,568,579,564
592,593,571,580,562
592,591,569,579,562
593,590,569,579,562
595,592,568,578,564
595,589,569,581,562
597,588,570,580,565
596,589,570,579,565
599,590,570,579,565
599,591,571,579,565
600,590,570,580,566
599,590,570,579,566
600,592,570,580,566
599,591,570,580,567
600,591,570,579,567
599,594,569,578,564
600,595,569,579,567
600,593,571,579,565
599,594,569,579,567
600,595,569,578,565
601,595,570,578,565
599,596,569,579,564
599,598,567,581,564
599,598,567,580,565
600,598,567,580,565
600,597,566,580,564
600,596,567,579,566
600,596,566,579,565
600,597,567,579,565
602,596,565,578,564
600,597,566,579,564
600,597,566,581,563
601,595,567,579,564
600,595,568,580,563
599,595,566,581,564
599,595,566,582,563
600,593,566,583,561
600,593,566,583,562
598,595,566,584,564
597,595,566,583,562
598,594,563,584,562
597,593,565,584,563
595,593,564,585,564
595,593,564,585,562
595,592,564,585,560
593,593,562,586,559
592,591,561,586,559
593,591,562,585,559
592,591,562,586,558
592,591,561,586,558
593,591,561,587,558
592,590,562,587,557
591,590,561,588,556
591,590,561,589,557
590,589,560,588,555
590,589,557,589,557
590,588,558,588,556
589,588,557,589,555
589,587,559,590,556
590,587,559,590,557
592,585,558,590,559
591,585,557,592,558
589,584,556,591,557
591,585,559,592,557
593,585,559,593,559
593,585,557,594,557
593,586,557,595,558
594,584,557,596,556
595,582,558,594,557
596,584,557,596,558
596,582,555,596,558
596,583,555,596,558
596,581,555,597,559
597,581,555,598,558
597,581,554,596,560
598,580,556,597,558
597,582,555,597,559
595,583,554,597,558
597,581,554,599,559
596,580,553,600,559
596,581,552,599,560
595,583,553,600,560
596,584,555,600,559
594,583,554,602,561
595,584,554,601,560
596,584,551,600,560
593,585,552,599,561
595,585,551,600,561
593,585,551,601,560
594,585,551,601,561
593,586,551,601,561
594,587,549,601,560
594,586,549,600,562
592,587,550,600,561
592,588,551,600,562
592,589,547,599,561
592,588,548,600,563
591,589,550,598,564
591,590,548,599,563
592,590,548,598,563
590,591,548,599,563
589,590,550,598,562
589,592,550,599,563
590,591,550,599,562
588,593,550,599,563
588,593,552,601,563
588,593,552,601,561
588,592,551,599,563
587,594,551,601,564
586,594,551,599,562
586,594,552,600,564
586,593,554,600,565
586,594,553,600,563
584,596,554,599,563
584,596,553,599,562
584,596,554,596,563
583,594,555,598,563
583,597,554,597,564
584,598,555,596,564
582,597,553,595,563
583,597,555,595,563
582,597,554,594,564
582,597,555,593,564
583,597,557,594,563
582,598,556,591,563
582,595,556,591,563
581,598,556,590,565
581,597,557,590,564
582,597,557,590,563
582,598,559,590,561
582,597,560,589,562
582,598,561,589,562
583,597,563,589,562
583,596,562,591,565
583,597,564,590,564
585,598,566,590,562
584,596,564,589,564
584,596,568,588,563
585,597,568,589,563
586,597,568,589,564
585,597,570,589,564
587,597,569,590,565
586,596,569,589,565
586,596,568,589,565
587,597,568,591,565
586,595,566,589,564
589,597,567,591,564
590,597,567,589,562
589,598,567,590,563
589,599,567,589,563
589,598,568,591,564
591,599,566,589,565
592,599,567,591,565
592,600,567,590,564
591,601,566,589,565
593,600,567,590,567
593,601,565,590,566
592,601,566,589,567
594,601,565,587,567
593,601,566,586,567
594,601,564,586,566
595,602,563,586,566
596,603,563,586,566
594,601,564,587,564
595,602,563,586,565
596,603,562,585,564
596,603,560,586,566
595,604,559,585,565
597,603,561,586,565
597,604,560,583,565
596,604,560,585,563
596,606,559,584,562
597,604,560,584,564
597,604,559,584,561
598,604,559,585,562
596,603,558,585,562
598,603,559,586,562
597,602,558,585,562
599,603,558,585,562
597,603,558,586,562
597,604,559,584,561
598,601,560,587,561
599,601,559,586,562
598,598,559,585,561
598,600,557,586,560
597,598,558,586,560
598,597,559,585,558
597,596,560,587,559
597,595,559,587,558
596,594,559,588,557
597,593,560,587,558
596,591,559,589,559
597,590,561,589,558
595,589,559,589,557
596,587,559,589,558
596,586,559,590,559
596,585,559,592,558
596,583,559,591,558
597,583,560,592,555
598,581,560,592,557
600,581,561,593,556
599,579,561,594,557
600,579,562,594,556
601,578,561,594,557
600,579,558,593,556
602,578,558,596,557
601,578,558,598,556
601,578,557,597,557
601,577,557,599,556
602,576,558,599,558
602,576,556,600,557
602,576,557,599,558
602,576,556,600,558
603,575,556,599,559
603,574,555,599,560
605,573,554,600,560
602,574,556,600,559
603,574,554,599,560
603,571,554,599,561
604,572,553,599,561
604,569,553,600,563
604,569,551,599,562
603,570,551,600,564
604,569,551,600,562
602,567,550,600,563
604,566,548,600,564
604,565,547,601,564
603,565,548,599,566
603,563,548,600,565
603,564,547,598,565
602,562,545,598,566
602,563,544,599,567
602,563,544,600,568
601,563,544,600,567
600,562,543,600,568
599,562,543,599,567
598,563,542,599,567
596,563,542,598,568
595,563,542,599,567
594,564,541,597,568
593,564,540,595,569
593,563,540,597,569
590,564,539,595,569
589,568,540,595,569
586,567,540,594,569
587,568,540,595,568
584,571,541,592,569
585,572,540,592,568
584,573,541,592,567
583,574,539,594,568
581,574,540,592,568
580,577,540,591,568
579,577,541,590,570
579,577,540,590,569
577,580,540,590,569
578,580,540,588,569
578,582,542,589,571
578,583,541,589,570
578,583,542,591,570
576,583,543,590,570
575,583,544,591,569
576,582,543,591,570
575,582,545,591,570
575,581,545,591,570
575,580,546,592,569
575,581,547,593,570
574,582,547,595,570
573,581,549,594,569
573,578,548,595,569
572,579,550,595,569
571,580,550,596,568
569,579,551,596,567
569,577,552,597,568
568,578,551,596,566
567,577,553,598,567
566,575,552,597,567
565,576,553,597,566
565,576,554,597,567
563,576,555,597,566
564,576,555,597,567
562,576,554,597,567
563,577,558,596,566
562,576,556,596,567
562,576,556,596,566
563,576,557,594,567
563,575,558,593,565
563,575,557,596,566
562,576,558,595,566
563,576,559,595,567
561,577,558,593,565
565,578,559,593,567
565,576,559,593,565
565,577,561,592,565
568,576,562,594,564
569,577,562,593,562
569,576,562,591,561
569,576,561,591,562
571,574,559,591,564
572,574,560,591,563
575,572,561,591,561
576,572,561,590,563
577,572,562,590,561
577,572,562,588,560
580,571,563,587,559
579,570,561,588,559
581,569,562,588,559
582,570,561,588,558
583,572,562,587,556
583,571,562,588,559
583,569,560,587,557
583,568,560,587,557
583,569,559,586,557
583,570,559,586,557
581,571,558,585,560
581,571,557,585,558
580,571,557,585,558
580,572,557,585,559
580,571,556,583,555
579,571,558,583,557
578,572,557,583,557
577,570,558,581,556
577,570,559,581,555
578,567,557,582,554
578,565,558,580,555
577,565,558,580,555
576,565,558,580,555
575,564,558,580,554
576,562,557,581,553
575,560,558,582,554
576,560,557,582,553
575,559,559,582,554
576,558,557,582,553
577,557,557,583,552
576,556,558,584,552
575,555,556,583,552
575,553,556,584,553
575,552,558,584,551
576,552,557,585,552
577,551,557,586,552
575,550,557,584,552
576,549,557,587,550
577,548,557,585,551
576,547,557,586,550
577,547,556,588,549
577,546,554,588,549
575,543,556,587,548
576,544,555,589,548
576,544,555,589,549
575,545,555,588,549
573,544,554,589,547
572,545,554,589,549
573,544,553,591,549
572,545,553,591,549
572,546,553,590,550
571,544,554,592,552
569,545,554,593,551
570,544,555,593,554
570,545,554,594,552
569,545,554,593,551
570,545,553,594,552
570,545,553,593,553
571,544,554,595,552
571,545,553,596,554
569,543,552,595,553
572,544,552,597,555
571,545,552,595,554
572,546,551,596,554
570,545,552,597,554
572,545,551,596,554
571,545,551,598,554
571,547,550,597,556
569,545,550,598,555
567,546,551,597,554
567,546,549,597,555
566,545,549,597,557
565,547,549,598,556
564,547,550,597,558
562,547,549,598,559
562,548,549,597,558
561,547,548,596,561
560,548,547,598,561
558,548,546,598,561
556,548,546,599,564
558,547,546,598,565
555,548,545,597,565
554,548,545,596,565
553,548,546,598,566
551,551,548,597,566
551,553,546,595,566
551,554,549,596,568
547,556,549,597,567
547,560,548,595,568
547,560,549,596,568
547,560,547,596,567
545,564,546,597,569
545,564,545,596,567
544,566,546,596,568
545,567,547,596,566
544,568,547,597,568
545,569,548,598,567
545,569,550,600,568
544,570,552,600,567
546,573,553,599,568
546,572,554,601,566
544,574,553,601,567
546,574,554,603,566
545,576,555,602,566
545,577,555,601,566
545,579,555,601,566
544,579,557,602,565
546,580,555,601,564
544,581,557,602,564
544,582,555,602,563
545,582,557,602,563
545,582,555,604,564
544,581,554,603,563
545,582,555,604,561
544,582,555,604,559
545,580,557,603,559
545,581,555,603,559
545,579,558,605,560
545,579,557,605,559
546,579,558,606,559
546,579,557,602,559
547,577,558,603,559
547,578,560,603,559
547,578,560,604,558
547,577,560,603,559
548,576,560,604,560
549,576,562,602,558
548,575,559,601,560
549,574,560,601,559
548,576,560,603,559
548,574,561,599,559
548,574,562,599,559
547,574,562,599,560
548,574,561,597,559
550,574,560,595,559
553,575,562,595,559
554,574,562,595,561
557,574,561,593,560
557,573,560,592,560
559,575,562,591,560
562,575,561,587,558
563,573,561,589,559
562,574,562,587,561
566,571,563,585,559
567,572,562,584,561
568,571,561,583,560
569,572,561,582,560
570,570,561,581,560
570,570,563,581,560
572,570,564,579,561
572,571,564,579,561
573,569,566,579,559
575,569,564,578,558
575,568,563,577,559
577,567,563,577,558
578,567,563,576,558
579,566,561,577,559
582,565,564,578,557
582,565,562,577,557
581,563,562,576,555
582,562,564,575,556
581,561,563,574,556
581,561,562,574,554
581,562,563,573,555
581,558,563,572,554
579,555,564,573,553
579,557,564,571,554
580,556,564,572,553
580,555,564,570,552
579,554,563,569,551
580,554,564,568,550
579,552,562,568,548
577,550,563,566,547
577,550,564,565,548
577,549,564,566,549
576,548,564,564,547
576,546,562,563,548
574,547,563,564,545
573,545,562,563,544
575,545,562,564,543
575,546,562,563,544
574,546,563,562,541
573,543,563,563,542
574,542,564,562,542
574,543,564,563,542
575,543,563,564,542
574,541,563,563,541
575,544,562,563,541
575,542,560,563,540
574,541,559,565,540
576,543,560,566,539
574,542,560,566,539
574,543,559,568,541
573,544,558,571,540
573,544,558,571,539
573,546,556,572,539
573,546,557,575,539
570,547,556,575,540
571,550,556,577,540
571,550,557,578,540
571,551,555,578,539
569,552,554,578,542
570,554,553,580,542
568,554,554,581,541
566,557,556,582,542
566,558,554,583,543
566,557,554,585,543
566,560,555,584,542
564,560,556,582,545
565,561,556,582,545
562,564,555,583,544
562,563,555,581,546
561,565,555,581,547
560,566,556,581,548
559,568,554,580,549
557,569,553,579,550
557,573,552,578,551
557,573,552,578,550
554,575,553,579,552
553,577,552,578,551
551,577,553,578,551
551,579,550,577,552
550,581,552,576,553
550,583,552,577,554
550,584,552,575,556
548,587,551,577,554
548,588,550,576,555
546,591,550,574,556
546,592,552,576,557
545,593,551,576,556
546,595,552,576,557
544,596,549,575,558
543,599,551,577,557
544,600,552,575,558
542,599,551,576,557
543,602,552,576,559
542,602,553,577,558
541,603,552,577,561
541,605,553,576,559
541,607,554,577,559
541,607,555,577,562
543,607,555,576,561
543,607,558,575,562
544,608,558,576,562
544,609,559,575,561
547,608,559,574,561
546,609,558,573,560
547,610,558,574,563
548,612,560,572,561
549,613,561,571,562
550,613,560,572,562
554,613,561,571,562
555,616,562,571,561
555,615,562,569,561
556,616,561,570,560
557,618,562,569,561
558,620,564,572,560
560,619,561,571,561
561,618,562,571,559
562,618,564,570,559
562,617,565,570,559
563,617,565,571,559
566,617,565,572,556
567,615,565,572,558
569,616,565,572,557
569,615,566,572,557
570,615,567,572,558
573,615,565,570,558
575,613,565,569,558
575,615,567,567,557
577,613,567,566,559
580,614,568,565,558
581,614,566,563,558
584,612,566,563,556
586,613,565,564,557
589,614,565,562,558
589,612,565,559,558
590,612,565,560,558
593,613,563,559,557
594,613,567,557,557
596,613,565,557,556
597,612,566,555,558
598,610,564,554,557
599,611,565,553,558
601,611,565,554,557
604,609,564,550,558
602,612,565,550,557
605,610,563,548,555
605,610,565,549,555
606,609,565,548,556
608,607,565,546,556
607,606,566,544,555
607,606,566,544,556
608,603,566,544,554
608,603,565,545,554
610,601,565,545,555
609,599,564,545,554
608,599,565,543,555
611,596,567,545,553
612,595,565,545,554
613,594,564,546,555
615,592,565,546,555
615,591,567,544,553
616,588,568,546,554
618,588,566,544,554
620,584,566,544,554
619,582,566,545,553
620,582,566,544,554
618,580,564,544,553
619,580,564,545,553
617,580,566,544,552
618,577,567,545,553
616,575,569,546,552
614,574,568,546,552
616,572,567,544,553
614,571,566,546,553
614,570,566,545,550
615,570,568,545,550
614,569,567,547,550
615,567,567,546,552
613,565,568,548,551
615,564,568,547,550
615,563,569,546,550
613,564,569,548,550
614,563,569,548,549
612,560,569,546,549
613,560,571,547,549
612,561,569,549,548
612,558,569,548,546
611,561,570,549,544
612,559,570,549,546
612,558,570,547,544
612,558,569,547,546
611,558,570,549,546
611,560,570,550,546
611,559,570,554,547
610,559,570,553,548
611,559,568,555,547
608,559,569,558,548
610,559,569,561,548
609,560,568,561,547
608,560,567,564,544
606,561,567,562,545
604,561,566,565,546
603,563,565,566,547
599,563,567,567,548
599,566,565,570,549
598,564,564,569,549
596,566,564,570,552
593,566,562,571,551
592,567,560,571,552
593,569,562,574,554
588,570,560,575,554
589,571,560,576,556
588,572,558,577,556
585,574,557,578,555
584,575,556,578,554
584,578,554,581,556
582,578,555,583,557
581,582,555,583,556
579,584,554,581,556
577,585,554,582,557
576,589,554,582,554
575,591,553,579,554
572,594,552,581,555
572,596,552,581,555
569,598,552,580,554
569,601,553,580,558
567,606,552,580,558
567,609,555,580,558
565,610,554,579,557
562,615,555,578,558
563,616,555,579,558
563,618,555,578,561
562,618,555,577,561
560,619,555,576,561
560,621,553,575,560
563,621,554,576,559
561,622,555,574,559
560,620,554,573,560
559,623,554,574,561
558,623,555,573,560
558,623,555,573,560
558,625,555,575,561
558,626,554,575,561
558,626,555,573,560
559,625,557,574,561
558,628,556,573,561
561,628,558,574,559
559,629,559,574,562
559,631,557,573,561
559,633,557,573,562
560,630,560,573,562
560,628,558,571,561
562,629,559,574,561
562,628,560,572,561
565,626,562,572,562
566,626,561,571,563
567,625,562,570,564
567,625,562,571,565
568,626,561,572,565
568,623,562,571,565
570,625,562,568,564
573,621,563,568,563
574,619,563,567,563
575,620,563,568,564
576,620,562,567,560
578,617,563,565,563
579,617,562,565,563
582,616,563,564,562
584,616,562,564,563
586,614,563,562,564
590,612,564,561,564
591,611,564,561,565
592,611,563,560,563
595,610,564,557,565
598,608,563,555,562
602,607,564,555,563
606,606,563,555,565
610,604,564,555,563
611,602,565,552,563
614,601,564,551,563
615,600,566,551,564
617,597,565,549,564
619,596,565,549,564
620,595,566,549,564
621,592,565,548,564
621,589,566,547,564
621,588,565,545,561
623,585,567,546,564
622,583,568,544,563
622,582,567,544,563
624,580,566,545,564
625,579,565,542,564
626,578,565,542,564
627,577,566,543,563
627,576,563,542,561
629,574,566,542,561
629,573,566,542,562
629,573,565,541,560
630,574,567,542,558
630,573,566,542,560
629,574,567,544,559
629,573,566,545,557
627,574,567,545,559
629,576,568,546,557
627,575,568,547,557
626,575,570,547,555
626,575,571,548,555
625,572,570,549,557
624,572,569,551,555
625,572,569,554,556
623,571,569,553,554
620,571,569,555,554
621,574,569,556,555
619,573,571,557,553
621,573,572,559,555
618,574,570,559,555
617,573,571,561,555
615,574,571,562,554
615,575,572,562,555
614,575,572,565,555
612,575,573,566,556
613,576,570,567,554
610,576,572,568,553
611,577,572,570,554
607,577,574,571,554
608,579,573,573,553
605,580,573,573,554
605,581,575,576,553
603,581,575,577,552
600,580,575,579,551
599,581,573,581,551
597,580,574,583,550
597,581,573,585,550
596,580,572,587,551
591,581,571,589,549
589,580,571,591,550
588,581,571,593,550
585,579,571,594,550
584,580,569,596,551
583,580,568,596,550
581,579,566,597,550
580,581,567,599,551
578,581,565,600,550
576,581,565,600,552
576,581,563,603,551
574,581,565,606,552
573,579,563,604,554
573,581,563,606,554
573,578,562,607,555
574,578,562,607,557
574,576,561,608,556
574,576,560,610,557
573,575,560,609,557
575,574,560,609,559
575,574,559,610,559
574,573,558,611,558
573,574,558,610,560
573,573,559,611,561
573,572,557,613,561
572,572,558,615,561
572,572,557,615,561
574,571,557,617,562
572,571,557,618,561
574,571,558,618,563
573,571,557,619,562
575,569,556,620,562
574,569,555,618,564
574,568,556,618,566
575,566,555,618,565
574,565,554,616,566
576,564,555,617,566
576,564,555,614,566
577,563,555,616,565
578,561,556,616,566
577,561,555,614,566
579,559,554,613,566
580,560,556,613,566
581,560,555,613,567
580,560,556,614,566
581,558,555,614,566
581,559,556,614,568
581,557,555,614,566
580,557,557,614,566
581,557,556,612,566
579,554,557,613,566
581,555,556,613,567
580,556,557,612,565
581,553,558,611,567
579,552,560,613,564
580,552,562,612,566
580,551,561,610,565
580,553,559,610,566
580,553,562,610,564
579,553,563,610,565
582,551,563,610,565
581,551,561,610,563
580,549,564,607,564
579,550,564,609,564
579,552,564,608,566
578,550,565,607,564
578,549,566,606,565
577,548,567,605,564
574,550,566,603,566
573,549,567,600,566
574,548,568,598,566
572,548,568,595,567
572,547,568,596,565
572,547,566,596,566
572,547,567,594,566
572,545,568,592,565
572,545,568,590,567
574,544,569,588,568
571,545,569,586,568
571,543,569,585,568
569,541,570,584,565
569,541,570,583,566
568,540,570,582,564
566,539,570,579,564
566,540,569,577,565
566,539,572,578,567
565,538,569,577,568
563,538,570,575,568
564,538,571,574,567
563,538,570,572,566
563,534,569,571,567
561,536,568,569,569
560,535,569,569,567
560,534,570,567,567
559,532,570,564,565
558,533,570,564,569
558,532,570,562,569
558,532,569,562,569
556,531,570,562,569
556,532,572,560,569
555,531,568,562,568
555,530,568,560,570
554,530,570,560,571
553,529,571,559,570
554,529,571,561,569
552,528,569,559,569
552,530,570,558,570
554,529,569,558,568
552,528,568,557,570
551,528,569,559,570
549,528,568,559,570
551,529,570,559,570
550,530,570,559,568
551,530,570,558,569
550,531,571,560,568
549,530,570,561,569
550,533,570,561,567
549,531,571,563,567
549,532,570,562,565
548,534,571,563,565
548,534,572,564,563
547,532,571,565,564
547,533,570,566,563
546,533,572,567,564
545,534,573,566,562
546,534,572,569,563
545,534,574,571,561
543,535,575,572,557
542,535,575,574,558
542,533,573,575,557
542,535,574,577,555
542,534,575,577,556
541,536,572,579,555
538,532,571,581,556
539,536,572,583,555
539,534,570,586,555
538,534,571,590,554
538,535,568,591,552
538,534,570,593,552
536,535,570,596,552
535,533,568,600,552
536,534,567,602,552
535,534,569,605,553
534,536,568,610,553
533,535,568,613,555
532,535,567,614,554
530,534,566,615,556
532,534,566,617,554
531,535,565,619,554
530,535,564,619,555
531,536,564,621,555
531,536,560,622,554
528,533,562,621,555
530,536,561,623,553
529,535,558,624,555
530,535,558,623,554
529,536,557,622,556
529,536,557,626,555
529,535,556,625,556
527,535,553,626,556
529,536,554,628,557
528,535,552,628,556
530,534,552,629,557
529,536,551,630,558
530,535,549,631,558
531,534,547,630,560
530,535,548,628,559
531,533,548,627,559
531,535,545,628,560
532,532,547,629,559
533,534,545,628,559
533,532,543,627,560
534,532,545,625,561
534,533,543,626,562
533,534,543,624,562
534,534,542,624,561
535,534,544,623,562
535,535,544,622,563
535,536,542,620,562
535,535,541,620,562
536,535,541,618,564
535,536,541,618,562
537,537,540,617,564
534,537,542,615,563
537,537,541,614,564
534,538,541,613,564
534,537,542,612,566
534,538,541,611,565
534,538,542,611,563
535,537,542,610,564
534,537,543,609,563
534,539,542,606,564
536,539,541,607,563
536,539,543,604,564
535,540,543,601,564
535,541,545,599,563
534,539,546,600,564
534,541,547,597,565
533,543,548,596,566
535,541,549,594,565
534,541,548,592,566
534,540,550,591,564
536,541,551,589,566
535,541,551,585,566
534,538,553,584,565
536,540,553,581,568
536,541,555,581,565
534,538,555,579,565
535,540,558,577,566
536,541,558,576,566
535,540,559,577,565
535,540,559,574,566
534,539,560,572,567
535,540,560,573,564
534,540,561,573,564
533,539,560,573,565
532,539,561,574,565
535,540,562,574,567
533,539,561,574,566
534,538,562,574,568
532,541,563,574,569
534,540,561,575,569
535,540,562,572,571
534,541,561,574,570
534,540,563,571,571
535,541,563,571,569
536,541,563,573,570
534,542,562,573,569
535,542,563,574,571
536,544,562,573,571
535,543,562,573,569
536,544,564,574,571
535,543,563,573,571
536,541,564,575,571
537,541,563,576,571
538,541,563,575,571
536,540,563,576,572
536,540,562,576,571
539,539,563,577,570
539,539,563,577,572
539,539,563,577,573
539,537,563,578,573
539,538,563,579,573
539,537,563,580,575
540,536,564,582,575
539,537,564,581,573
540,535,564,580,574
540,536,563,582,574
539,537,563,581,572
540,535,563,580,571
539,534,563,581,572
540,534,564,580,570
540,534,561,581,571
541,535,563,582,570
541,536,563,581,568
539,535,562,581,568
541,534,562,580,569
538,534,563,582,565
539,534,561,580,566
541,535,561,581,564
540,534,563,580,562
540,534,562,580,564
540,535,561,580,563
540,535,562,580,563
539,534,560,579,564
540,534,560,578,562
541,534,562,576,563
539,532,562,576,560
540,533,561,576,560
539,534,561,574,559
540,532,562,572,559
540,531,559,572,560
541,532,560,572,559
540,531,560,573,557
543,531,561,572,558
540,530,559,572,557
541,531,562,574,556
542,529,561,572,557
540,530,561,571,556
543,530,562,572,558
544,531,561,569,557
542,531,560,570,555
542,530,559,568,555
543,530,559,568,553
541,531,558,566,556
540,530,557,565,555
541,529,555,564,555
540,529,556,563,554
538,529,553,562,555
539,529,554,561,555
538,530,553,562,555
537,530,552,560,555
536,530,553,560,556
537,530,553,558,556
535,531,551,561,556
536,530,552,558,556
534,530,550,558,555
535,532,551,558,555
536,532,552,555,556
535,531,550,555,556
534,531,548,557,557
534,530,547,556,557
533,530,549,556,558
534,530,548,554,558
533,531,549,553,560
534,531,544,555,560
534,533,545,552,561
535,533,546,552,561
534,534,547,553,560
533,536,546,552,560
534,535,546,550,560
534,536,545,552,562
534,537,544,552,563
533,537,545,550,563
533,539,546,552,565
535,540,544,550,566
535,540,545,551,567
534,541,545,548,566
532,541,542,550,566
533,543,541,551,566
532,543,542,548,569
532,545,542,548,566
532,546,540,547,569
531,545,541,547,568
531,545,541,546,568
530,547,541,545,566
532,548,541,545,569
530,549,540,544,569
531,550,541,543,570
530,552,540,543,571
529,552,539,541,570
529,552,538,542,569
530,552,540,541,572
531,556,540,540,569
531,554,539,539,571
529,556,539,540,570
530,555,539,538,571
530,556,542,539,571
529,557,542,539,569
529,556,541,537,570
530,557,541,537,570
529,556,541,536,570
531,557,542,535,571
530,557,544,533,571
530,556,544,534,570
530,558,545,533,570
530,557,545,531,571
530,557,547,532,570
530,558,548,531,571
529,558,548,532,571
529,557,550,531,571
530,558,550,532,570
532,558,549,530,571
532,558,550,529,570
531,558,551,530,569
531,557,554,529,570
533,557,554,528,568
532,556,555,529,571
535,557,553,529,570
536,558,554,529,569
536,557,555,529,570
536,557,555,530,569
537,557,557,531,569
539,557,555,529,569
539,556,557,530,571
540,556,559,532,571
541,555,557,531,570
541,555,561,531,572
542,557,560,532,570
543,554,560,532,570
544,553,561,533,573
544,554,562,531,573
544,552,562,533,572
546,553,563,533,572
546,552,564,533,574
548,553,564,533,573
547,552,565,535,573
549,553,566,534,576
551,552,565,535,575
552,551,566,534,574
552,552,567,534,575
551,551,567,536,574
553,551,565,535,573
553,552,565,535,572
555,551,564,534,571
555,551,567,534,572
556,551,567,535,571
555,549,565,535,569
556,551,565,534,569
556,551,564,534,569
557,551,565,534,569
557,549,564,534,571
556,548,566,536,569
557,548,565,534,568
557,547,564,536,568
557,547,565,535,566
558,546,563,535,566
555,545,562,534,565
556,545,563,536,564
556,544,562,535,565
557,542,561,535,563
558,542,560,534,564
558,543,560,534,561
558,541,558,535,560
558,541,557,535,560
558,540,557,536,559
557,541,557,536,557
555,541,556,536,556
558,540,553,535,556
556,540,554,536,554
558,538,554,535,552
556,539,552,535,552
557,539,552,535,551
555,538,553,536,550
556,539,553,534,548
556,537,553,534,548
555,537,553,533,549
554,537,552,534,550
553,538,554,533,546
554,537,554,533,545
553,537,553,534,545
552,537,554,534,544
554,536,554,535,543
553,536,555,536,544
554,535,554,534,542
553,536,554,534,544
551,536,555,535,541
552,536,555,535,542
552,537,554,536,541
552,535,555,536,541
550,536,556,536,540
553,536,555,536,540
551,535,555,534,543
551,535,556,537,542
551,534,555,537,542
552,535,556,536,540
552,535,556,538,542
550,534,556,537,540
550,535,556,537,542
549,534,554,538,542
548,533,555,538,542
549,533,552,537,543
549,534,551,538,542
548,533,551,538,543
546,532,550,539,544
547,532,551,540,546
546,533,551,541,546
545,532,551,541,547
545,533,552,540,547
545,533,552,541,548
543,536,553,541,551
544,534,551,540,549
544,538,551,540,552
541,537,549,540,552
543,537,550,541,552
539,536,549,539,554
540,539,549,540,555
541,540,548,541,556
540,542,546,539,558
539,541,548,541,559
538,542,544,539,560
540,543,542,539,559
538,543,544,540,560
539,545,543,539,560
538,546,542,539,561
537,547,541,539,559
538,547,541,540,560
537,549,538,541,561
538,548,538,540,560
537,550,537,541,561
539,550,537,540,562
536,553,537,540,563
536,553,537,541,561
536,555,537,540,563
537,554,536,541,562
535,555,537,541,563
535,557,541,541,562
535,557,542,543,563
536,557,547,543,564
535,556,546,544,561
535,557,546,543,563
536,558,547,543,564
534,558,547,543,563
535,558,546,541,562
535,558,547,543,563
534,558,548,541,562
535,559,548,540,563
535,558,549,540,562
535,558,549,542,562
534,558,548,538,564
535,558,548,538,562
532,558,549,538,563
534,557,551,536,564
532,559,551,537,563
533,558,553,538,564
531,558,552,536,564
532,556,552,536,563
532,558,555,535,564
532,559,556,535,563
533,560,557,535,564
536,559,557,533,562
535,559,557,534,562
537,560,558,535,563
538,561,559,535,562
537,559,560,535,563
538,560,560,533,562
540,559,561,533,563
540,559,561,533,563
541,560,562,535,562
542,559,561,534,562
543,559,563,533,561
543,559,562,533,561
544,558,562,534,561
545,558,562,535,562
546,559,562,535,561
546,557,563,534,562
548,557,564,536,562
548,558,564,533,559
549,558,564,533,560
551,557,563,533,562
551,556,564,533,561
551,556,563,533,561
552,555,565,531,562
553,555,565,531,561
552,556,565,532,561
557,554,566,531,559
557,556,567,531,559
558,555,565,531,561
557,554,568,530,563
558,553,568,530,561
557,553,569,530,562
558,551,570,529,559
558,552,571,529,559
559,552,569,529,559
558,550,570,529,559
558,550,570,531,557
559,551,570,529,557
559,550,569,529,556
559,550,569,529,557
559,551,569,530,555
559,550,571,530,554
559,547,568,529,553
559,548,569,529,553
560,548,569,531,552
559,546,569,530,553
559,547,569,530,552
558,547,569,530,552
560,546,570,532,551
559,546,567,531,551
560,546,565,531,550
559,545,565,530,549
560,546,566,532,548
559,543,566,532,548
560,547,564,531,549
558,544,563,531,548
558,543,562,533,547
560,545,561,532,546
558,543,561,534,547
560,543,562,534,546
560,543,560,534,546
559,543,561,533,545
558,543,560,537,544
557,543,560,536,544
559,544,560,538,546
558,542,560,539,543
558,543,562,539,545
558,543,561,539,546
556,543,562,541,542
557,543,562,541,543
559,543,562,543,542
557,544,561,544,543
558,545,560,544,542
556,544,558,544,544
556,542,558,545,541
555,541,560,547,541
554,541,559,548,543
553,541,558,548,540
554,540,558,547,540
552,540,558,550,540
553,539,558,551,540
552,538,556,552,538
552,537,555,552,538
551,539,553,553,539
551,537,553,555,540
551,538,554,556,540
550,536,556,554,539
550,535,553,555,541
551,535,553,555,540
550,535,553,556,542
548,537,555,556,542
547,535,553,556,544
548,536,554,556,542
549,537,552,557,542
547,536,553,558,543
547,536,553,558,544
547,538,555,556,544
546,538,553,558,545
546,538,554,558,548
546,541,551,558,548
544,542,551,558,549
545,542,551,558,550
546,543,552,558,550
545,543,553,558,550
545,545,555,557,552
545,545,553,559,553
543,547,555,558,554
544,547,554,558,553
544,548,556,557,554
543,551,555,557,553
544,549,554,556,554
543,552,556,557,554
542,552,556,557,555
542,553,555,557,555
543,554,556,557,558
543,556,554,556,557
543,559,555,555,557
544,560,554,555,557
543,561,556,554,561
543,562,555,555,560
543,564,555,555,560
546,562,558,553,560
545,564,554,554,563
544,564,558,553,562
543,566,557,552,563
542,565,557,552,563
540,567,557,552,564
541,566,559,551,564
540,568,559,552,564
539,569,558,553,567
539,568,559,551,567
538,567,560,554,566
537,569,561,551,566
538,568,559,552,566
538,568,559,551,565
535,569,560,552,565
536,568,561,549,566
535,568,562,551,565
536,566,564,549,567
536,568,565,548,566
537,568,564,550,566
536,566,565,549,565
537,567,567,548,565
536,566,564,548,566
537,567,566,548,565
537,566,567,548,566
537,566,567,546,564
537,563,567,546,565
541,564,567,546,563
539,563,567,545,561
541,561,567,544,562
542,563,568,543,560
543,562,566,543,560
544,561,568,543,560
545,562,567,541,558
545,561,567,543,558
545,560,567,540,558
547,561,567,541,557
546,560,568,541,556
549,558,567,540,554
549,560,566,539,555
552,560,566,538,552
553,559,567,539,554
553,558,567,537,553
556,558,568,538,553
557,559,567,538,552
558,557,566,537,552
560,557,567,538,554
561,558,566,537,554
564,559,568,536,554
563,556,568,538,553
563,557,566,537,555
564,556,568,538,554
564,557,567,537,552
564,556,569,538,555
566,556,567,537,555
567,555,568,535,553
568,557,568,536,555
568,557,567,536,555
568,556,565,536,555
568,555,568,536,555
568,556,570,536,555
567,556,571,536,556
568,554,570,536,556
567,554,571,536,556
568,554,570,534,555
568,554,571,534,556
568,553,569,535,555
567,551,570,535,556
567,551,569,534,555
569,549,569,532,556
567,551,570,535,554
566,549,570,533,552
566,548,570,534,551
565,550,569,533,552
565,550,569,533,551
565,549,569,532,552
564,550,570,532,550
565,550,570,533,551
563,550,569,534,551
564,550,570,535,551
562,550,569,535,550
562,550,569,534,550
562,551,569,536,553
561,550,570,537,550
561,550,569,538,551
560,551,569,539,550
560,552,569,540,550
561,550,569,541,549
559,550,569,541,547
559,550,570,540,546
561,552,570,543,544
559,550,569,544,544
559,552,569,544,543
558,551,568,546,543
558,552,568,547,543
558,553,568,547,542
558,552,569,547,541
557,552,567,549,539
556,552,568,549,539
557,552,568,550,539
556,551,566,551,536
556,553,566,552,536
557,552,567,552,536
556,552,566,553,535
554,551,568,555,538
556,553,566,555,537
557,553,565,556,540
558,553,565,555,543
556,553,565,558,545
555,554,564,558,545
557,552,564,557,545
555,554,565,556,547
555,554,564,559,548
555,554,563,559,548
553,554,563,557,546
554,555,563,558,547
552,556,562,558,547
553,554,562,557,549
551,555,562,558,549
551,556,560,560,548
550,555,563,558,548
548,555,560,559,550
549,557,558,559,551
550,555,560,558,552
549,557,560,557,552
551,557,559,559,552
549,557,559,559,555
551,557,559,559,554
550,558,559,558,555
550,558,558,560,556
551,559,558,559,557
551,558,559,559,558
552,560,558,560,560
550,561,558,560,558
552,560,558,559,559
551,560,559,560,560
551,562,558,559,561
550,562,558,559,561
549,564,558,559,562
551,565,559,559,562
552,564,558,558,561
552,565,558,558,561
551,566,559,560,562
551,568,559,558,562
551,569,557,558,562
550,569,560,558,563
553,569,562,558,562
553,570,561,557,563
551,571,563,556,563
552,570,562,556,564
551,571,562,558,563
551,571,562,557,563
552,573,563,555,564
552,574,562,555,565
552,572,563,556,565
552,573,561,555,566
553,572,564,555,567
553,572,564,554,568
554,571,564,553,569
554,572,564,553,570
555,572,566,552,570
555,570,567,551,569
555,570,568,552,570
555,570,567,551,571
555,572,570,551,572
557,570,569,551,569
556,572,570,549,571
555,569,571,550,571
557,568,571,549,569
557,568,572,551,570
554,566,574,549,568
555,566,573,548,572
556,565,573,548,569
557,563,575,547,571
555,563,576,548,569
558,563,573,548,569
557,561,573,547,569
557,560,574,547,567
558,560,573,546,568
558,559,573,547,564
558,557,572,544,567
558,556,572,547,565
558,556,572,546,564
561,556,573,544,562
560,553,572,542,562
561,555,573,545,563
563,553,572,544,563
562,553,573,545,562
562,552,572,543,562
564,550,572,543,560
565,549,572,543,561
565,549,572,542,559
566,548,572,542,560
569,548,572,543,561
568,548,571,543,561
570,547,572,543,561
569,548,572,543,563
570,550,572,543,562
570,547,572,543,562
571,549,573,545,561
570,548,572,544,560
573,547,571,545,559
572,548,572,544,560
573,548,572,544,559
572,549,574,543,558
572,548,571,541,559
573,546,573,541,558
573,548,573,540,558
571,547,572,538,558
571,546,573,538,557
570,547,572,538,556
572,547,572,539,555
572,547,573,537,554
570,548,573,536,554
571,546,574,536,554
570,547,573,536,554
571,547,573,536,554
568,547,574,536,555
570,547,573,536,553
567,547,573,536,554
567,548,572,537,554
567,547,573,536,554
564,548,572,536,552
565,547,574,535,553
564,547,573,537,554
561,548,573,537,554
561,547,573,538,554
560,546,572,537,554
560,547,573,540,550
558,549,572,542,551
558,548,573,543,552
556,547,573,544,554
557,547,571,544,553
555,548,574,544,555
554,548,571,545,555
555,548,575,546,554
553,547,573,546,556
553,548,573,548,555
552,546,572,549,555
552,547,573,550,556
550,548,571,551,555
550,549,573,551,556
548,548,572,553,555
547,548,572,555,554
548,548,570,556,555
545,547,573,557,554
549,548,572,560,554
549,546,572,561,556
548,548,570,562,555
548,548,571,562,556
547,548,571,563,557
547,548,570,564,556
547,548,569,563,557
548,546,569,565,558
548,547,571,566,558
548,547,570,567,558
547,546,569,567,558
548,546,568,568,558
547,547,568,568,559
549,547,568,569,559
547,547,567,569,560
546,547,566,569,559
545,546,566,568,559
549,547,566,567,561
547,547,567,569,561
548,547,566,568,562
546,548,565,569,563
548,545,566,568,562
547,547,565,568,563
547,548,564,566,565
547,548,563,566,566
548,548,565,566,567
548,549,563,565,565
546,548,564,565,566
547,549,562,565,566
546,548,563,565,566
547,551,562,566,567
547,549,561,565,568
549,552,562,564,568
549,552,561,563,567
547,553,561,564,567
548,553,562,563,566
547,553,563,563,566
547,556,563,561,566
547,556,563,560,567
547,557,563,561,567
546,558,562,561,566
548,558,562,561,567
549,561,563,561,566
546,561,561,558,566
547,561,563,560,567
547,563,562,559,567
546,563,563,558,567
548,564,562,559,567
548,565,563,558,567
546,564,563,558,567
547,564,562,558,567
547,564,562,556,568
548,565,563,558,568
547,565,564,557,567
547,567,564,557,568
548,566,566,556,566
548,566,566,556,568
548,566,566,557,566
547,567,566,558,567
547,568,568,555,566
547,568,568,556,569
547,566,568,556,567
547,567,568,557,569
547,566,569,557,569
547,567,569,555,570
547,567,569,555,569
547,567,570,555,571
546,567,569,553,570
547,566,568,554,570
545,566,570,552,570
548,565,570,552,569
546,566,568,551,569
547,565,570,551,570
548,565,569,551,569
547,564,569,548,569
548,561,570,549,571
547,562,569,549,570
547,561,570,549,569
549,560,570,550,570
548,559,570,549,568
549,558,570,550,570
549,556,569,550,570
551,554,570,550,570
551,555,569,550,568
553,554,569,550,569
553,554,568,551,569
554,553,570,550,569
555,550,569,550,569
556,552,570,550,570
557,551,569,550,570
557,549,570,551,570
560,550,570,551,570
559,548,568,551,571
560,549,569,550,569
562,549,569,551,569
561,547,570,551,570
562,547,568,551,569
563,545,570,552,569
564,546,570,552,569
563,544,569,551,568
565,545,569,552,569
564,545,571,553,566
565,543,570,553,567
565,542,569,551,568
566,543,571,552,567
567,542,569,552,565
566,541,569,554,566
566,540,569,551,566
568,541,569,552,566
567,540,568,553,566
567,538,570,553,565
567,539,569,553,564
567,537,567,553,566
566,538,569,554,563
566,537,567,554,565
566,537,568,553,564
565,537,569,554,564
566,535,568,555,563
566,536,568,555,563
565,535,568,556,563
564,535,569,555,563
566,535,568,555,563
565,535,568,555,561
564,536,567,555,562
563,536,568,555,561
560,536,568,556,561
562,535,569,557,559
561,535,569,555,561
558,537,570,556,559
557,535,568,557,561
558,534,570,556,559
557,536,569,557,560
555,536,569,556,560
555,534,568,559,559
553,535,568,558,559
554,535,569,559,560
553,536,568,561,559
552,536,567,560,559
551,537,567,561,557
550,536,567,560,558
550,536,566,561,558
549,537,567,562,559
548,536,566,564,558
548,536,565,565,557
548,538,565,565,558
547,537,564,566,558
546,538,563,567,558
547,537,563,568,559
546,537,563,568,561
545,539,560,569,560
543,539,561,571,561
543,539,561,569,562
544,539,560,570,562
542,541,560,570,563
541,538,558,569,563
541,539,558,573,564
540,542,557,572,563
541,540,556,571,562
542,542,557,572,562
540,542,556,573,564
538,542,555,572,564
539,543,555,571,562
539,543,555,571,564
538,544,554,572,565
538,544,553,571,565
536,544,553,571,566
537,546,553,572,568
535,545,552,573,568
537,546,551,573,569
534,546,552,571,570
533,546,550,570,571
535,548,552,569,571
535,549,551,568,572
534,549,550,568,574
534,549,552,566,573
535,551,550,565,573
535,551,551,566,575
535,551,549,564,574
536,554,551,562,573
536,554,550,562,573
536,556,550,561,574
535,555,549,561,572
535,556,549,561,573
536,557,549,559,571
536,557,547,558,573
537,558,548,556,572
536,559,548,557,572
536,558,548,555,573
535,559,549,554,574
537,561,550,552,570
535,560,548,553,572
536,560,549,552,573
537,562,550,552,573
535,564,551,552,572
539,562,553,550,572
539,563,555,550,572
536,562,555,548,573
