5.065
5.073
5.081
5.089
5.097
5.105
5.113
5.121
5.121
5.121
5.129
5.129
5.129
5.129
5.129
5.129
5.129
5.129
5.129
5.121
5.121
5.121
5.113
5.113
5.105
5.105
5.097
5.089
5.073
5.057
5.041
5.033
5.017
5.001
4.985
4.977
4.961
4.945
4.929
4.913
4.897
4.881
4.865
4.849
4.825
4.817
4.809
4.809
4.801
4.793
4.793
4.785
4.785
4.785
4.785
4.785
4.785
4.777
4.777
4.777
4.769
4.761
4.761
4.753
4.745
4.745
4.737
4.729
4.729
4.721
4.713
4.713
4.705
4.697
4.697
4.689
4.681
4.673
4.665
4.657
4.657
4.649
4.641
4.633
4.625
4.625
4.633
4.633
4.633
4.633
4.633
4.641
4.649
4.649
4.657
4.665
4.681
4.697
4.713
4.729
4.745
4.761
4.777
4.801
4.825
4.841
4.865
4.889
4.905
4.937
4.969
4.993
5.017
5.041
5.065
5.089
5.121
5.153
5.185
5.217
5.249
5.281
5.313
5.345
5.369
5.402
5.426
5.458
5.482
5.506
5.538
5.562
5.586
5.610
5.626
5.642
5.658
5.674
5.682
5.682
5.682
5.682
5.682
5.682
5.690
5.690
5.682
5.674
5.666
5.658
5.650
5.642
5.634
5.634
5.626
5.626
5.618
5.618
5.610
5.610
5.602
5.594
5.586
5.578
5.570
5.562
5.554
5.546
5.538
5.530
5.522
5.514
5.498
5.490
5.482
5.474
5.466
5.450
5.434
5.426
5.410
5.394
5.378
5.361
5.353
5.337
5.329
5.321
5.313
5.305
5.297
5.289
5.289
5.281
5.273
5.265
5.257
5.249
5.241
5.233
5.225
5.217
5.209
5.201
5.193
5.185
5.177
5.169
5.161
5.153
5.145
5.137
5.129
5.121
5.113
5.113
5.105
5.097
5.097
5.089
5.081
5.073
5.073
5.073
5.065
5.065
5.065
5.065
5.057
5.057
5.057
5.057
5.049
5.049
5.049
5.041
5.041
5.041
5.033
5.033
5.033
5.033
5.033
5.041
5.049
5.057
5.073
5.081
5.097
5.113
5.121
5.137
5.161
5.185
5.201
5.225
5.241
5.265
5.281
5.297
5.313
5.337
5.361
5.386
5.402
5.426
5.450
5.474
5.506
5.530
5.554
5.578
5.594
5.602
5.618
5.626
5.634
5.650
5.658
5.658
5.658
5.658
5.658
5.658
5.658
5.658
5.658
5.658
5.658
5.658
5.666
5.666
5.666
5.666
5.666
5.666
5.666
5.666
5.666
5.666
5.666
5.666
5.666
5.666
5.666
5.666
5.666
5.666
5.666
5.658
5.658
5.658
5.650
5.650
5.634
5.626
5.610
5.602
5.586
5.578
5.562
5.554
5.538
5.522
5.514
5.498
5.490
5.474
5.458
5.450
5.434
5.426
5.410
5.394
5.386
5.369
5.361
5.361
5.353
5.353
5.345
5.345
5.345
5.345
5.345
5.345
5.345
5.345
5.345
5.345
5.337
5.329
5.329
5.321
5.313
5.313
5.305
5.297
5.289
5.281
5.273
5.273
5.265
5.257
5.249
5.241
5.241
5.233
5.233
5.225
5.217
5.217
5.209
5.209
5.209
5.217
5.217
5.225
5.233
5.233
5.241
5.249
5.257
5.257
5.265
5.273
5.281
5.289
5.297
5.305
5.313
5.321
5.329
5.345
5.353
5.369
5.378
5.394
5.402
5.418
5.426
5.442
5.450
5.466
5.474
5.482
5.498
5.506
5.514
5.522
5.538
5.546
5.546
5.546
5.554
5.554
5.554
5.554
5.554
5.554
5.562
5.554
5.554
5.554
5.554
5.554
5.554
5.554
5.554
5.546
5.538
5.530
5.522
5.514
5.506
5.506
5.490
5.474
5.458
5.442
5.426
5.410
5.402
5.386
5.369
5.353
5.337
5.329
5.313
5.297
5.281
5.273
5.257
5.249
5.241
5.233
5.225
5.209
5.201
5.193
5.185
5.177
5.169
5.153
5.145
5.137
5.129
5.129
5.121
5.121
5.113
5.113
5.105
5.105
5.097
5.097
5.097
5.089
5.089
5.089
5.089
5.081
5.081
5.073
5.065
5.057
5.049
5.041
5.041
5.033
5.025
5.025
5.017
5.009
5.009
5.001
5.001
4.993
4.985
4.977
4.969
4.961
4.961
4.953
4.953
4.945
4.945
4.937
4.937
4.929
4.929
4.929
4.921
4.921
4.913
4.913
4.913
4.913
4.913
4.913
4.921
4.921
4.921
4.929
4.945
4.953
4.961
4.977
4.977
4.985
4.985
4.993
4.993
5.001
5.001
5.017
5.025
5.033
5.041
5.065
5.081
5.105
5.129
5.145
5.169
5.185
5.201
5.217
5.225
5.241
5.257
5.273
5.289
5.297
5.305
5.313
5.313
5.321
5.337
5.345
5.361
5.369
5.386
5.394
5.410
5.426
5.434
5.450
5.458
5.458
5.458
5.450
5.450
5.442
5.442
5.442
5.434
5.434
5.426
5.426
5.418
5.418
5.410
5.410
5.402
5.402
5.394
5.394
5.386
5.378
5.369
5.353
5.345
5.337
5.329
5.321
5.313
5.305
5.297
5.297
5.289
5.281
5.281
5.273
5.265
5.257
5.257
5.257
5.249
5.249
5.241
5.241
5.233
5.233
5.225
5.225
5.217
5.217
5.217
5.209
5.209
5.201
5.201
5.193
5.193
5.177
5.169
5.153
5.137
5.129
5.113
5.097
5.089
5.073
5.065
5.049
5.041
5.033
5.025
5.009
5.001
4.993
4.985
4.977
4.969
4.961
4.961
4.953
4.945
4.945
4.937
4.929
4.929
4.921
4.913
4.905
4.905
4.905
4.905
4.905
4.905
4.905
4.913
4.913
4.913
4.913
4.921
4.921
4.929
4.937
4.937
4.945
4.953
4.969
4.985
4.993
5.009
5.017
5.025
5.025
5.033
5.041
5.065
5.089
5.113
5.137
5.161
5.185
5.209
5.233
5.273
5.305
5.345
5.386
5.402
5.426
5.442
5.458
5.474
5.490
5.498
5.514
5.530
5.538
5.554
5.570
5.586
5.594
5.610
5.626
5.642
5.650
5.666
5.682
5.690
5.706
5.714
5.706
5.706
5.698
5.682
5.666
5.650
5.634
5.618
5.610
5.602
5.594
5.586
5.594
5.602
5.610
5.618
5.626
5.642
5.658
5.674
5.682
5.698
5.722
5.738
5.730
5.722
5.706
5.698
5.690
5.682
5.674
5.674
5.674
5.682
5.690
5.698
5.690
5.666
5.650
5.634
5.618
5.594
5.578
5.562
5.538
5.530
5.514
5.506
5.490
5.482
5.474
5.466
5.466
5.466
5.466
5.466
5.474
5.474
5.474
5.474
5.482
5.482
5.482
5.482
5.482
5.482
5.482
5.482
5.482
5.474
5.474
5.466
5.466
5.458
5.458
5.450
5.442
5.434
5.426
5.418
5.410
5.410
5.402
5.394
5.386
5.378
5.369
5.361
5.353
5.353
5.345
5.337
5.329
5.329
5.321
5.321
5.321
5.321
5.321
5.321
5.329
5.337
5.345
5.353
5.369
5.394
5.426
5.466
5.498
5.530
5.562
5.594
5.626
5.658
5.682
5.714
5.738
5.770
5.794
5.818
5.834
5.858
5.874
5.890
5.898
5.914
5.922
5.938
5.962
5.978
5.994
6.010
6.018
6.026
6.034
6.042
6.042
6.042
6.050
6.058
6.074
6.082
6.090
6.090
6.090
6.098
6.098
6.090
6.074
6.066
6.050
6.042
6.026
6.010
5.994
5.978
5.962
5.946
5.930
5.914
5.906
5.906
5.898
5.898
5.898
5.898
5.898
5.898
5.898
5.898
5.898
5.898
5.898
5.898
5.898
5.890
5.882
5.882
5.882
5.874
5.874
5.874
5.874
5.866
5.866
5.866
5.850
5.842
5.834
5.818
5.810
5.802
5.786
5.778
5.770
5.762
5.754
5.746
5.738
5.730
5.714
5.706
5.698
5.690
5.682
5.666
5.658
5.650
5.634
5.626
5.618
5.602
5.594
5.586
5.570
5.554
5.538
5.522
5.506
5.490
5.474
5.458
5.442
5.426
5.418
5.410
5.402
5.394
5.386
5.378
5.369
5.361
5.361
5.353
5.353
5.353
5.353
5.353
5.361
5.386
5.402
5.418
5.434
5.450
5.458
5.466
5.482
5.490
5.506
5.514
5.530
5.546
5.562
5.578
5.594
5.618
5.642
5.666
5.698
5.730
5.770
5.810
5.834
5.866
5.890
5.922
5.946
5.954
5.970
5.986
6.002
6.018
6.034
6.050
6.066
6.082
6.098
6.106
6.106
6.114
6.122
6.122
6.130
6.138
6.138
6.154
6.162
6.170
6.178
6.186
6.194
6.186
6.186
6.186
6.178
6.178
6.178
6.170
6.162
6.146
6.138
6.122
6.114
6.106
6.090
6.082
6.066
6.058
6.050
6.034
6.026
6.010
6.002
5.994
5.986
5.978
5.970
5.962
5.954
5.946
5.930
5.914
5.898
5.882
5.866
5.850
5.834
5.810
5.794
5.786
5.778
5.762
5.754
5.746
5.730
5.722
5.714
5.698
5.690
5.682
5.666
5.658
5.650
5.650
5.650
5.650
5.642
5.642
5.642
5.642
5.634
5.634
5.626
5.618
5.610
5.602
5.602
5.594
5.586
5.578
5.570
5.570
5.562
5.554
5.546
5.546
5.554
5.554
5.562
5.570
5.578
5.586
5.594
5.602
5.610
5.610
5.618
5.618
5.618
5.618
5.610
5.610
5.610
5.610
5.602
5.618
5.642
5.658
5.674
5.698
5.714
5.730
5.746
5.762
5.778
5.794
5.802
5.818
5.826
5.834
5.842
5.850
5.866
5.882
5.898
5.914
5.930
5.946
5.954
5.970
5.978
5.986
5.994
6.002
6.010
6.010
6.026
6.034
6.050
6.058
6.066
6.082
6.090
6.106
6.114
6.122
6.130
6.138
6.146
6.154
6.162
6.162
6.162
6.162
6.170
6.170
6.170
6.170
6.170
6.170
6.170
6.170
6.170
6.170
6.170
6.170
6.170
6.162
6.154
6.146
6.138
6.130
6.122
6.114
6.106
6.090
6.074
6.066
6.050
6.042
6.026
6.010
6.002
5.986
5.970
5.962
5.946
5.938
5.930
5.914
5.906
5.898
5.890
5.890
5.882
5.882
5.874
5.874
5.874
5.866
5.866
5.866
5.858
5.858
5.858
5.850
5.850
5.842
5.842
5.834
5.834
5.826
5.826
5.818
5.818
5.810
5.810
5.802
5.802
5.794
5.786
5.778
5.770
5.770
5.762
5.762
5.762
5.770
5.778
5.778
5.786
5.794
5.794
5.802
5.802
5.802
5.802
5.802
5.802
5.802
5.802
5.802
5.802
5.802
5.802
5.802
5.802
5.802
5.802
5.802
5.802
5.802
5.810
5.810
5.818
5.826
5.834
5.842
5.850
5.850
5.850
5.858
5.858
5.858
5.858
5.858
5.858
5.858
5.858
5.850
5.842
5.842
5.834
5.834
5.826
5.818
5.810
5.802
5.802
5.802
5.802
5.802
5.810
5.810
5.810
5.810
5.810
5.810
5.810
5.810
5.810
5.810
5.810
5.802
5.802
5.794
5.794
5.786
5.786
5.778
5.778
5.770
5.770
5.770
5.762
5.762
5.762
5.762
5.762
5.762
5.762
5.762
5.754
5.754
5.746
5.746
5.738
5.738
5.730
5.730
5.722
5.722
5.714
5.706
5.706
5.698
5.690
5.682
5.674
5.666
5.658
5.650
5.642
5.634
5.626
5.618
5.610
5.602
5.594
5.594
5.586
5.578
5.570
5.570
5.562
5.554
5.546
5.546
5.538
5.530
5.522
5.522
5.514
5.506
5.506
5.506
5.498
5.498
5.490
5.490
5.490
5.490
5.482
5.482
5.482
5.482
5.482
5.482
5.482
5.482
5.482
5.482
5.482
5.482
5.482
5.474
5.474
5.474
5.474
5.474
5.474
5.466
5.466
5.466
5.458
5.458
5.450
5.442
5.418
5.394
5.378
5.378
5.378
5.378
5.378
5.378
5.378
5.378
5.378
5.378
5.378
5.378
5.386
5.394
5.402
5.410
5.418
5.426
5.434
5.442
5.450
5.450
5.458
5.466
5.474
5.482
5.498
5.506
5.522
5.530
5.546
5.554
5.570
5.578
5.586
5.594
5.602
5.610
5.618
5.626
5.634
5.650
5.658
5.674
5.682
5.690
5.698
5.706
5.714
5.722
5.722
5.730
5.738
5.738
5.738
5.730
5.730
5.730
5.730
5.722
5.714
5.706
5.698
5.690
5.682
5.674
5.674
5.674
5.674
5.666
5.666
5.666
5.666
5.658
5.658
5.658
5.658
5.658
5.658
5.658
5.666
5.666
5.666
5.658
5.658
5.650
5.642
5.642
5.634
5.626
5.626
5.610
5.594
5.586
5.570
5.554
5.538
5.530
5.514
5.498
5.482
5.474
5.458
5.442
5.426
5.418
5.402
5.386
5.378
5.361
5.345
5.337
5.329
5.321
5.305
5.297
5.289
5.281
5.273
5.265
5.257
5.249
5.241
5.233
5.217
5.209
5.201
5.193
5.185
5.177
5.169
5.169
5.169
5.161
5.161
5.161
5.153
5.153
5.153
5.161
5.161
5.169
5.169
5.177
5.185
5.185
5.193
5.193
5.201
5.201
5.217
5.225
5.233
5.249
5.257
5.265
5.281
5.297
5.313
5.337
5.361
5.378
5.402
5.418
5.450
5.474
5.506
5.538
5.562
5.586
5.610
5.634
5.650
5.666
5.682
5.690
5.706
5.722
5.738
5.754
5.778
5.794
5.818
5.834
5.858
5.874
5.898
5.922
5.946
5.970
5.994
6.010
6.026
6.042
6.058
6.074
6.090
6.106
6.122
6.130
6.138
6.154
6.162
6.170
6.178
6.186
6.194
6.194
6.194
6.186
6.186
6.186
6.186
6.186
6.186
6.178
6.178
6.178
6.178
6.178
6.178
6.170
6.170
6.170
6.154
6.146
6.130
6.122
6.114
6.098
6.090
6.082
6.066
6.066
6.058
6.050
6.042
6.034
6.034
6.026
6.026
6.026
6.026
6.018
6.018
6.018
6.018
6.010
6.010
6.010
6.002
6.002
6.002
5.994
5.994
5.994
5.994
5.994
5.994
5.994
5.994
5.994
5.994
5.994
5.994
5.994
5.994
5.994
5.994
5.994
5.994
5.994
5.994
5.994
5.994
5.994
5.994
5.994
5.994
5.994
5.994
5.994
6.002
6.002
6.002
6.002
6.002
6.010
6.010
6.010
6.018
6.018
6.026
6.026
6.026
6.042
6.058
6.082
6.098
6.114
6.138
6.162
6.178
6.202
6.227
6.243
6.267
6.291
6.331
6.363
6.403
6.435
6.475
6.507
6.531
6.563
6.595
6.619
6.651
6.683
6.707
6.731
6.755
6.779
6.795
6.803
6.819
6.827
6.843
6.867
6.891
6.915
6.939
6.963
6.987
7.011
7.027
7.044
7.060
7.068
7.084
7.100
7.116
7.124
7.124
7.132
7.132
7.140
7.140
7.140
7.148
7.148
7.148
7.148
7.156
7.156
7.164
7.172
7.172
7.180
7.188
7.188
7.180
7.180
7.172
7.164
7.156
7.148
7.140
7.140
7.132
7.132
7.124
7.124
7.116
7.100
7.092
7.076
7.060
7.052
7.035
7.019
7.011
6.995
6.979
6.963
6.947
6.939
6.939
6.939
6.939
6.939
6.939
6.939
6.939
6.939
6.931
6.923
6.915
6.915
6.907
6.899
6.891
6.883
6.875
6.875
6.867
6.859
6.851
6.851
6.851
6.859
6.867
6.867
6.875
6.883
6.891
6.899
6.907
6.923
6.931
6.939
6.955
6.963
6.971
6.971
6.979
6.987
6.987
6.995
6.995
6.995
7.003
7.003
7.003
7.011
7.011
7.019
7.027
7.027
7.035
7.044
7.052
7.060
7.068
7.076
7.076
7.084
7.092
7.100
7.124
7.156
7.196
7.220
7.244
7.268
7.284
7.300
7.316
7.332
7.340
7.356
7.364
7.372
7.380
7.388
7.404
7.412
7.420
7.428
7.444
7.452
7.468
7.476
7.492
7.508
7.524
7.532
7.540
7.548
7.556
7.564
7.564
7.564
7.564
7.564
7.564
7.564
7.564
7.564
7.564
7.556
7.556
7.548
7.540
7.540
7.532
7.524
7.524
7.516
7.516
7.508
7.500
7.492
7.484
7.476
7.468
7.460
7.460
7.452
7.444
7.436
7.428
7.420
7.412
7.412
7.436
7.492
7.540
7.540
7.548
7.548
7.556
7.564
7.564
7.572
7.572
7.572
7.572
7.572
7.580
7.580
7.580
7.580
7.580
7.588
7.588
7.588
7.588
7.588
7.596
7.596
7.596
7.596
7.596
7.588
7.588
7.580
7.580
7.572
7.564
7.564
7.556
7.556
7.548
7.548
7.540
7.540
7.532
7.532
7.532
7.532
7.532
7.524
7.524
7.516
7.516
7.508
7.500
7.492
7.484
7.476
7.468
7.460
7.452
7.452
7.444
7.444
7.452
7.452
7.460
7.476
7.500
7.516
7.540
7.556
7.580
7.612
7.636
7.668
7.692
7.724
7.748
7.772
7.804
7.836
7.877
7.909
7.933
7.965
7.989
8.013
8.029
8.045
8.069
8.085
8.109
8.133
8.157
8.181
8.205
8.229
8.253
8.277
8.301
8.325
8.349
8.373
8.397
8.421
8.445
8.469
8.493
8.517
8.549
8.565
8.573
8.581
8.589
8.605
8.613
8.621
8.629
8.637
8.645
8.645
8.653
8.661
8.669
8.677
8.685
8.693
8.701
8.710
8.718
8.718
8.726
8.726
8.734
8.734
8.734
8.742
8.742
8.750
8.750
8.750
8.758
8.758
8.750
8.742
8.734
8.726
8.718
8.710
8.693
8.685
8.669
8.653
8.629
8.613
8.597
8.581
8.573
8.565
8.557
8.549
8.541
8.533
8.525
8.517
8.509
8.501
8.501
8.493
8.493
8.485
8.485
8.477
8.469
8.461
8.453
8.453
8.437
8.429
8.421
8.413
8.413
8.413
8.413
8.413
8.421
8.429
8.429
8.437
8.445
8.437
8.437
8.437
8.437
8.437
8.437
8.437
8.437
8.437
8.437
8.437
8.437
8.437
8.437
8.437
8.437
8.429
8.421
8.421
8.413
8.421
8.437
8.445
8.445
8.453
8.453
8.453
8.445
8.445
8.445
8.453
8.461
8.469
8.485
8.501
8.517
8.533
8.549
8.573
8.597
8.621
8.645
8.661
8.661
8.661
8.669
8.669
8.661
8.653
8.645
8.629
8.621
8.613
8.605
8.597
8.597
8.589
8.589
8.589
8.581
8.581
8.573
8.573
8.565
8.557
8.549
8.549
8.541
8.533
8.525
8.517
8.517
8.509
8.501
8.493
8.493
8.485
8.477
8.477
8.469
8.461
8.453
8.445
8.437
8.429
8.421
8.405
8.397
8.389
8.373
8.365
8.349
8.333
8.317
8.309
8.293
8.277
8.269
8.253
8.253
8.245
8.245
8.237
8.229
8.229
8.221
8.221
8.213
8.205
8.197
8.189
8.181
8.181
8.173
8.165
8.157
8.149
8.141
8.133
8.133
8.125
8.117
8.101
8.077
8.061
8.061
8.069
8.077
8.085
8.093
8.101
8.109
8.117
8.125
8.125
8.133
8.141
8.149
8.149
8.157
8.165
8.165
8.173
8.181
8.181
8.189
8.189
8.197
8.197
8.205
8.205
8.205
8.213
8.213
8.221
8.221
8.221
8.229
8.229
8.229
8.237
8.237
8.237
8.237
8.237
8.237
8.237
8.237
8.237
8.237
8.237
8.237
8.229
8.221
8.213
8.213
8.205
8.197
8.189
8.181
8.181
8.173
8.165
8.157
8.149
8.141
8.133
8.125
8.117
8.117
8.109
8.109
8.101
8.101
8.093
8.093
8.085
8.085
8.077
8.077
8.077
8.069
8.069
8.061
8.061
8.053
8.045
8.045
8.037
8.029
8.021
8.021
8.013
8.013
8.005
7.997
7.997
7.989
7.989
7.981
7.965
7.957
7.941
7.925
7.917
7.901
7.893
7.877
7.860
7.852
7.836
7.820
7.812
7.796
7.788
7.772
7.756
7.748
7.732
7.724
7.708
7.692
7.676
7.660
7.636
7.620
7.604
7.588
7.580
7.580
7.572
7.572
7.564
7.556
7.556
7.548
7.540
7.540
7.532
7.524
7.524
7.516
7.508
7.500
7.500
7.492
7.476
7.468
7.452
7.444
7.428
7.420
7.404
7.396
7.380
7.372
7.356
7.348
7.332
7.324
7.308
7.292
7.276
7.260
7.244
7.228
7.212
7.196
7.180
7.164
7.148
7.140
7.124
7.108
7.092
7.076
7.060
7.044
7.035
7.019
7.003
6.995
6.979
6.963
6.955
6.939
6.931
6.915
6.899
6.883
6.867
6.851
6.843
6.827
6.811
6.795
6.779
6.763
6.747
6.739
6.723
6.715
6.707
6.691
6.675
6.667
6.651
6.635
6.619
6.595
6.579
6.563
6.539
6.523
6.499
6.483
6.467
6.443
6.427
6.411
6.395
6.371
6.355
6.339
6.315
6.299
6.275
6.251
6.235
6.211
6.194
6.170
6.154
6.130
6.114
6.090
6.066
6.050
6.026
6.002
5.986
5.962
5.946
5.930
5.914
5.898
5.890
5.874
5.858
5.850
5.834
5.818
5.802
5.794
5.778
5.762
5.754
5.738
5.722
5.714
5.706
5.690
5.682
5.674
5.666
5.658
5.650
5.642
5.626
5.618
5.610
5.610
5.610
5.602
5.602
5.602
5.594
5.594
5.586
5.586
5.586
5.578
5.570
5.562
5.554
5.546
5.546
5.538
5.530
5.522
5.514
5.514
5.506
5.506
5.498
5.498
5.490
5.490
5.482
5.482
5.474
5.474
5.466
5.466
5.458
5.458
5.450
5.442
5.434
5.434
5.426
5.418
5.410
5.402
5.394
5.386
5.386
5.386
5.386
5.378
5.378
5.378
5.386
5.394
5.394
5.402
5.410
5.410
5.418
5.402
5.386
5.369
5.353
5.345
5.353
5.353
5.353
5.361
5.361
5.369
5.386
5.402
5.418
5.442
5.458
5.482
5.514
5.538
5.570
5.602
5.626
5.650
5.682
5.706
5.714
5.730
5.746
5.762
5.778
5.786
5.786
5.786
5.786
5.786
5.786
5.786
5.786
5.786
5.786
5.786
5.786
5.786
5.786
5.786
5.778
5.778
5.778
5.786
5.794
5.810
5.818
5.826
5.834
5.842
5.850
5.858
5.858
5.858
5.850
5.850
5.850
5.842
5.842
5.842
5.834
5.834
5.834
5.826
5.826
5.818
5.810
5.810
5.802
5.802
5.794
5.786
5.786
5.778
5.770
5.770
5.762
5.762
5.762
5.754
5.754
5.754
5.746
5.746
5.738
5.738
5.738
5.730
5.730
5.730
5.730
5.730
5.730
5.730
5.730
5.738
5.738
5.738
5.738
5.738
5.738
5.738
5.738
5.746
5.746
5.746
5.746
5.746
5.746
5.746
5.754
5.754
5.762
5.762
5.762
5.770
5.770
5.778
5.778
5.786
5.794
5.802
5.810
5.818
5.834
5.842
5.850
5.858
5.866
5.866
5.866
5.866
5.874
5.874
5.874
5.874
5.882
5.882
5.882
5.882
5.882
5.882
5.874
5.874
5.874
5.874
5.874
5.874
5.874
5.874
5.882
5.882
5.890
5.890
5.898
5.898
5.898
5.906
5.906
5.914
5.914
5.914
5.922
5.922
5.930
5.930
5.930
5.938
5.938
5.946
5.946
5.946
5.954
5.954
5.962
5.962
5.970
5.970
5.970
5.978
5.978
5.986
5.986
5.986
5.994
5.994
6.002
6.002
6.002
6.010
6.010
6.018
6.018
6.026
6.026
6.026
6.034
6.034
6.042
6.042
6.042
6.050
6.050
6.058
6.058
6.058
6.066
6.066
6.074
6.074
6.074
6.074
6.066
6.066
6.058
6.050
6.050
6.042
6.042
6.034
6.018
6.010
5.994
5.986
5.978
5.978
5.986
5.986
5.994
5.994
5.994
6.002
6.002
6.010
6.010
6.010
6.018
6.018
6.026
6.026
6.026
6.034
6.034
6.042
6.042
6.050
6.050
6.058
6.058
6.066
6.066
6.066
6.066
6.074
6.074
6.074
6.074
6.074
6.074
6.058
6.050
6.034
6.018
6.010
5.994
5.978
5.970
5.962
5.954
5.938
5.930
5.922
5.914
5.898
5.890
5.874
5.866
5.850
5.842
5.826
5.810
5.802
5.826
5.850
5.874
5.898
5.914
5.922
5.922
5.930
5.930
5.938
5.946
5.938
5.938
5.930
5.930
5.922
5.914
5.914
5.906
5.898
5.890
5.882
5.874
5.866
5.858
5.858
5.850
5.850
5.850
5.842
5.842
5.850
5.850
5.858
5.866
5.874
5.874
5.882
5.890
5.898
5.914
5.922
5.930
5.938
5.938
5.946
5.946
5.954
5.954
5.962
5.962
5.962
5.962
5.962
5.962
5.962
5.962
5.962
5.962
5.962
5.962
5.962
5.962
5.962
5.962
5.954
5.954
5.946
5.938
5.938
5.930
5.930
5.914
5.898
5.874
5.858
5.842
5.818
5.802
5.778
5.746
5.714
5.682
5.650
5.618
5.586
5.554
5.522
5.498
5.474
5.458
5.450
5.434
5.426
5.410
5.402
5.386
5.386
5.378
5.369
5.369
5.361
5.353
5.345
5.345
5.337
5.329
5.321
5.321
5.313
5.305
5.297
5.289
5.281
5.281
5.273
5.265
5.273
5.273
5.273
5.281
5.281
5.289
5.289
5.297
5.297
5.305
5.313
5.321
5.329
5.337
5.345
5.361
5.369
5.378
5.386
5.386
5.394
5.402
5.410
5.418
5.426
5.434
5.442
5.450
5.458
5.474
5.482
5.498
5.514
5.522
5.530
5.546
5.554
5.562
5.578
5.594
5.610
5.626
5.642
5.658
5.682
5.706
5.730
5.754
5.778
5.802
5.834
5.858
5.882
5.906
5.938
5.986
6.026
6.042
6.058
6.074
6.066
6.066
6.082
6.106
6.114
6.122
6.122
6.146
6.170
6.203
6.219
6.235
6.251
6.275
6.292
6.312
6.328
6.360
6.428
6.583
6.899
7.385
7.868
8.190
8.351
8.426
8.463
8.478
8.495
8.503
8.511
8.518
8.525
8.484
8.490
8.545
8.552
8.559
8.572
8.545
8.477
8.518
8.552
8.552
8.545
8.545
8.545
8.545
8.545
8.545
8.552
8.552
8.559
8.559
8.566
8.572
8.579
8.579
8.586
8.593
8.600
8.613
8.627
8.648
8.661
8.675
8.695
8.709
8.709
8.709
8.709
8.709
8.709
8.709
8.709
8.702
8.702
8.695
8.689
8.689
8.682
8.675
8.668
8.661
8.654
8.648
8.641
8.627
8.620
8.613
8.607
8.593
8.579
8.566
8.552
8.531
8.511
8.490
8.470
8.463
8.463
8.463
8.463
8.463
8.463
8.463
8.463
8.463
8.463
8.463
8.463
8.463
8.463
8.463
8.463
8.463
8.463
8.463
8.456
8.449
8.449
8.443
8.436
8.429
8.429
8.422
8.415
8.408
8.402
8.395
8.395
8.395
8.395
8.402
8.402
8.402
8.402
8.402
8.402
8.402
8.402
8.402
8.395
8.395
8.395
8.388
8.388
8.381
8.374
8.367
8.361
8.354
8.347
8.347
8.347
8.347
8.347
8.354
8.354
8.354
8.361
8.361
8.367
8.367
8.374
8.374
8.374
8.374
8.374
8.374
8.374
8.374
8.367
8.361
8.361
8.354
8.354
8.354
8.361
8.361
8.367
8.374
8.374
8.374
8.374
8.367
8.367
8.361
8.354
8.347
8.340
8.333
8.326
8.326
8.333
8.333
8.340
8.347
8.354
8.361
8.367
8.374
8.388
8.402
8.415
8.415
8.415
8.422
8.415
8.408
8.402
8.388
8.381
8.367
8.361
8.347
8.340
8.333
8.326
8.320
8.320
8.313
8.306
8.299
8.299
8.292
8.285
8.279
8.272
8.265
8.258
8.251
8.244
8.238
8.231
8.224
8.217
8.210
8.203
8.190
8.183
8.169
8.155
8.149
8.142
8.128
8.121
8.114
8.101
8.094
8.080
8.073
8.060
8.053
8.039
8.026
8.012
7.998
7.985
7.971
7.957
7.950
7.944
7.944
7.937
7.930
7.923
7.923
7.916
7.916
7.916
7.909
7.909
7.909
7.903
7.896
7.889
7.882
7.875
7.868
7.862
7.848
7.841
7.841
7.834
7.827
7.827
7.821
7.821
7.814
7.814
7.807
7.807
7.807
7.800
7.800
7.800
7.800
7.800
7.800
7.800
7.807
7.814
7.821
7.827
7.834
7.841
7.841
7.841
7.848
7.848
7.848
7.862
7.868
7.882
7.896
7.909
7.923
7.930
7.937
7.944
7.950
7.950
7.944
7.937
7.923
7.916
7.909
7.896
7.889
7.882
7.903
7.923
7.937
7.944
7.957
7.964
7.978
7.971
7.964
7.957
7.950
7.944
7.937
7.923
7.909
7.896
7.882
7.868
7.855
7.841
7.827
7.814
7.793
7.780
7.766
7.752
7.745
7.739
7.732
7.725
7.718
7.711
7.704
7.698
7.698
7.698
7.698
7.691
7.691
7.691
7.691
7.684
7.684
7.677
7.670
7.670
7.663
7.657
7.650
7.650
7.643
7.636
7.629
7.629
7.616
7.609
7.602
7.595
7.588
7.581
7.575
7.568
7.554
7.547
7.534
7.513
7.499
7.479
7.458
7.445
7.424
7.410
7.390
7.376
7.363
7.349
7.342
7.328
7.315
7.301
7.287
7.281
7.267
7.246
7.226
7.205
7.192
7.171
7.151
7.130
7.117
7.103
7.089
7.076
7.055
7.041
7.028
7.014
7.000
6.987
6.973
6.966
6.959
6.953
6.939
6.932
6.925
6.918
6.905
6.898
6.884
6.864
6.850
6.829
6.823
6.809
6.795
6.795
6.795
6.795
6.802
6.809
6.802
6.802
6.802
6.802
6.809
6.816
6.823
6.823
6.829
6.829
6.836
6.836
6.829
6.816
6.823
6.836
6.850
6.850
6.836
6.829
6.823
6.816
6.816
6.823
6.829
6.829
6.836
6.836
6.836
6.836
6.836
6.836
6.829
6.829
6.823
6.816
6.816
6.809
6.809
6.809
6.809
6.809
6.809
6.809
6.816
6.816
6.816
6.816
6.816
6.816
6.816
6.816
6.809
6.809
6.809
6.809
6.809
6.802
6.802
6.802
6.795
6.795
6.795
6.788
6.782
6.775
6.768
6.761
6.761
6.754
6.747
6.747
6.741
6.741
6.741
6.734
6.734
6.734
6.727
6.727
6.720
6.720
6.713
6.706
6.706
6.700
6.700
6.693
6.686
6.686
6.679
6.679
6.672
6.665
6.665
6.659
6.652
6.645
6.638
6.631
6.624
6.618
6.611
6.604
6.590
6.583
6.570
6.563
6.556
6.549
6.542
6.542
6.536
6.536
6.529
6.522
6.522
6.515
6.508
6.508
6.501
6.495
6.495
6.488
6.481
6.474
6.460
6.454
6.447
6.447
6.447
6.440
6.440
6.440
6.440
6.447
6.447
6.454
6.460
6.467
6.474
6.481
6.495
6.501
6.508
6.522
6.529
6.536
6.542
6.549
6.563
6.570
6.577
6.583
6.590
6.597
6.611
6.618
6.624
6.624
6.631
6.638
6.638
6.645
6.652
6.652
6.659
6.665
6.665
6.672
6.672
6.679
6.686
6.693
6.693
6.693
6.700
6.706
6.720
6.734
6.741
6.761
6.775
6.795
6.816
6.829
6.829
6.836
6.843
6.843
6.850
6.850
6.857
6.857
6.864
6.864
6.871
6.871
6.877
6.884
6.891
6.898
6.905
6.912
6.912
6.918
6.918
6.918
6.925
6.918
6.918
6.912
6.912
6.905
6.898
6.891
6.877
6.864
6.850
6.836
6.816
6.788
6.768
6.761
6.775
6.788
6.802
6.816
6.829
6.843
6.857
6.871
6.877
6.891
6.905
6.905
6.912
6.912
6.918
6.918
6.925
6.925
6.932
6.932
6.939
6.939
6.932
6.918
6.905
6.891
6.877
6.864
6.857
6.850
6.850
6.843
6.836
6.829
6.829
6.829
6.829
6.829
6.829
6.823
6.823
6.809
6.802
6.788
6.782
6.768
6.761
6.754
6.747
6.741
6.734
6.720
6.720
6.720
6.720
6.720
6.727
6.727
6.727
6.727
6.727
6.727
6.727
6.727
6.727
6.727
6.727
6.727
6.727
6.720
6.713
6.713
6.706
6.706
6.700
6.700
6.700
6.700
6.693
6.693
6.693
6.693
6.693
6.693
6.693
6.686
6.693
6.700
6.700
6.706
6.713
6.713
6.720
6.727
6.727
6.734
6.741
6.741
6.747
6.747
6.754
6.768
6.775
6.782
6.788
6.802
6.809
6.816
6.823
6.829
6.829
6.836
6.843
6.843
6.850
6.850
6.850
6.850
6.850
6.857
6.857
6.864
6.871
6.871
6.871
6.871
6.871
6.864
6.857
6.857
6.850
6.843
6.836
6.836
6.829
6.823
6.809
6.802
6.788
6.775
6.768
6.754
6.741
6.734
6.734
6.734
6.727
6.727
6.727
6.727
6.741
6.747
6.761
6.768
6.775
6.788
6.795
6.809
6.816
6.829
6.836
6.850
6.857
6.871
6.877
6.891
6.898
6.905
6.918
6.918
6.918
6.918
6.918
6.918
6.918
6.918
6.918
6.918
6.918
6.912
6.905
6.891
6.884
6.877
6.871
6.857
6.850
6.843
6.836
6.823
6.816
6.809
6.795
6.788
6.782
6.775
6.761
6.754
6.747
6.741
6.727
6.720
6.713
6.700
6.693
6.686
6.672
6.665
6.652
6.645
6.645
6.645
6.645
6.645
6.645
6.645
6.645
6.645
6.645
6.645
6.645
6.645
6.645
6.645
6.645
6.638
6.638
6.638
6.631
6.631
6.631
6.624
6.624
6.618
6.618
6.611
6.611
6.604
6.604
6.597
6.597
6.597
6.597
6.597
6.597
6.597
6.604
6.604
6.604
6.604
6.611
6.611
6.611
6.611
6.618
6.618
6.618
6.618
6.618
6.618
6.618
6.618
6.618
6.624
6.618
6.611
6.611
6.604
6.597
6.597
6.590
6.583
6.583
6.577
6.570
6.570
6.563
6.556
6.549
6.542
6.536
6.529
6.522
6.508
6.501
6.495
6.488
6.474
6.467
6.454
6.447
6.440
6.440
6.440
6.440
6.447
6.447
6.447
6.447
6.454
6.454
6.460
6.460
6.467
6.467
6.474
6.481
6.481
6.488
6.488
6.495
6.501
6.501
6.508
6.515
6.529
6.536
6.542
6.549
6.549
6.556
6.563
6.563
6.570
6.570
6.563
6.563
6.556
6.556
6.549
6.542
6.542
6.536
6.529
6.529
6.522
6.515
6.515
6.508
6.501
6.495
6.488
6.481
6.474
6.467
6.460
6.460
6.454
6.454
6.454
6.447
6.447
6.447
6.440
6.440
6.433
6.426
6.419
6.419
6.413
6.406
6.399
6.399
6.392
6.385
6.385
6.378
6.372
6.365
6.365
6.358
6.358
6.358
6.351
6.351
6.344
6.344
6.337
6.337
6.337
6.337
6.344
6.344
6.344
6.351
6.351
6.351
6.358
6.358
6.358
6.358
6.358
6.358
6.358
6.358
6.365
6.365
6.365
6.365
6.365
6.372
6.372
6.372
6.372
6.365
6.358
6.351
6.351
6.344
6.337
6.331
6.324
6.324
6.317
6.310
6.303
6.296
6.290
6.290
6.283
6.276
6.269
6.269
6.262
6.262
6.255
6.255
6.255
6.255
6.249
6.249
6.249
6.242
6.242
6.242
6.235
6.235
6.228
6.228
6.221
6.214
6.201
6.194
6.180
6.173
6.160
6.153
6.139
6.132
6.119
6.112
6.098
6.091
6.091
6.091
6.091
6.091
6.091
6.091
6.091
6.091
6.091
6.091
6.091
6.091
6.091
6.084
6.084
6.084
6.084
6.078
6.078
6.078
6.078
6.078
6.071
6.071
6.064
6.057
6.050
6.043
6.030
6.023
6.016
6.009
5.996
5.982
5.975
5.961
5.948
5.934
5.927
5.914
5.907
5.893
5.886
5.873
5.866
5.852
5.845
5.832
5.825
5.818
5.804
5.797
5.791
5.791
5.784
5.784
5.777
5.777
5.770
5.770
5.770
5.770
5.770
5.770
5.763
5.763
5.756
5.756
5.750
5.743
5.736
5.736
5.729
5.722
5.715
5.709
5.709
5.702
5.695
5.688
5.681
5.681
5.674
5.668
5.661
5.654
5.647
5.647
5.640
5.633
5.633
5.627
5.627
5.620
5.620
5.613
5.613
5.613
5.606
5.606
5.606
5.606
5.606
5.606
5.613
5.620
5.620
5.627
5.633
5.633
5.640
5.640
5.633
5.633
5.633
5.633
5.633
5.627
5.620
5.613
5.606
5.599
5.592
5.586
5.579
5.565
5.558
5.545
5.538
5.524
5.517
5.503
5.497
5.483
5.476
5.462
5.456
5.442
5.435
5.428
5.421
5.415
5.408
5.401
5.394
5.387
5.380
5.374
5.367
5.360
5.360
5.353
5.353
5.346
5.346
5.346
5.346
5.346
5.353
5.353
5.353
5.353
5.353
5.353
5.360
5.360
5.367
5.374
5.367
5.360
5.360
5.360
5.360
5.367
5.367
5.374
5.374
5.380
5.387
5.387
5.387
5.387
5.387
5.387
5.387
5.387
5.394
5.394
5.387
5.387
5.387
5.387
5.387
5.387
5.387
5.380
5.380
5.380
5.380
5.380
5.380
5.380
5.380
5.380
5.374
5.374
5.367
5.367
5.367
5.367
5.374
5.374
5.374
5.374
5.374
5.380
5.380
5.380
5.380
5.380
5.380
5.380
5.380
5.380
5.380
5.380
5.380
5.380
5.380
5.387
5.387
5.387
5.387
5.387
5.394
5.401
5.415
5.421
5.428
5.442
5.449
5.456
5.469
5.483
5.490
5.503
5.510
5.524
5.524
5.531
5.538
5.538
5.545
5.545
5.551
5.545
5.545
5.538
5.531
5.531
5.524
5.517
5.517
5.510
5.503
5.503
5.497
5.497
5.490
5.490
5.483
5.483
5.483
5.483
5.483
5.483
5.483
5.483
5.483
5.483
5.476
5.469
5.462
5.462
5.456
5.449
5.442
5.442
5.435
5.428
5.421
5.421
5.415
5.415
5.408
5.408
5.401
5.401
5.394
5.394
5.387
5.387
5.380
5.380
5.374
5.374
5.367
5.367
5.360
5.360
5.360
5.353
5.353
5.346
5.346
5.339
5.339
5.339
5.333
5.326
5.319
5.326
5.333
5.339
5.339
5.339
5.339
5.333
5.333
5.333
5.333
5.333
5.333
5.333
5.333
5.333
5.339
5.339
5.339
5.339
5.339
5.339
5.333
5.326
5.319
5.312
5.305
5.298
5.285
5.278
5.271
5.264
5.264
5.264
5.264
5.264
5.271
5.278
5.285
5.292
5.292
5.292
5.285
5.285
5.278
5.278
5.271
5.271
5.264
5.257
5.257
5.251
5.251
5.251
5.251
5.251
5.251
5.251
5.251
5.257
5.257
5.264
5.264
5.271
5.278
5.278
5.285
5.292
5.292
5.292
5.292
5.292
5.292
5.292
5.285
5.278
5.278
5.271
5.264
5.264
5.257
5.257
5.251
5.251
5.244
5.244
5.237
5.230
5.223
5.216
5.210
5.210
5.203
5.196
5.196
5.196
5.196
5.196
5.189
5.189
5.189
5.189
5.189
5.196
5.196
5.203
5.203
5.203
5.210
5.203
5.203
5.196
5.196
5.189
5.189
5.182
5.182
5.175
5.175
5.175
5.169
5.169
5.169
5.169
5.162
5.162
5.155
5.155
5.155
5.148
5.148
5.141
5.141
5.134
5.134
5.134
5.134
5.134
5.134
5.134
5.134
5.134
5.134
5.134
5.134
5.134
5.134
5.134
5.134
5.141
5.141
5.141
5.141
5.141
5.141
5.141
5.141
5.141
5.141
5.141
5.141
5.141
5.141
5.141
5.141
5.141
5.134
5.141
5.141
5.148
5.148
5.155
5.162
5.175
5.182
5.182
5.189
5.196
5.203
5.210
5.216
5.223
5.223
5.230
5.237
5.237
5.244
5.244
5.244
5.251
5.251
5.251
5.251
5.251
5.251
5.257
5.257
5.264
5.271
5.278
5.292
5.298
5.312
5.326
5.333
5.346
5.353
5.360
5.367
5.374
5.380
5.394
5.394
5.401
5.401
5.408
5.408
5.415
5.408
5.401
5.394
5.387
5.380
5.367
5.353
5.339
5.326
5.312
5.298
5.285
5.278
5.271
5.271
5.271
5.264
5.264
5.264
5.264
5.264
5.278
5.285
5.292
5.298
5.305
5.305
5.312
5.312
5.319
5.319
5.312
5.312
5.305
5.298
5.298
5.292
5.292
5.292
5.292
5.292
5.292
5.292
5.292
5.292
5.292
5.292
5.285
5.285
5.278
5.271
5.271
5.264
5.257
5.251
5.251
5.244
5.244
5.251
5.251
5.251
5.244
5.244
5.237
5.230
5.230
5.237
5.237
5.244
5.251
5.244
5.237
5.237
5.244
5.244
5.251
5.251
5.257
5.264
5.271
5.285
5.292
5.305
5.319
5.326
5.339
5.353
5.360
5.374
5.380
5.387
5.394
5.394
5.387
5.387
5.387
5.394
5.401
5.401
5.408
5.415
5.428
5.435
5.449
5.462
5.476
5.490
5.503
5.517
5.524
5.538
5.538
5.545
5.545
5.545
5.551
5.551
5.551
5.558
5.558
5.565
5.565
5.572
5.579
5.592
5.606
5.613
5.627
5.640
5.647
5.654
5.661
5.674
5.681
5.688
5.688
5.688
5.688
5.688
5.688
5.681
5.681
5.681
5.681
5.674
5.668
5.654
5.640
5.633
5.620
5.606
5.599
5.586
5.572
5.565
5.551
5.538
5.531
5.517
5.510
5.503
5.497
5.490
5.483
5.476
5.476
5.476
5.476
5.476
5.476
5.476
5.483
5.483
5.490
5.497
5.497
5.497
5.497
5.497
5.497
5.497
5.490
5.483
5.476
5.469
5.462
5.456
5.456
5.449
5.449
5.442
5.442
5.442
5.442
5.442
5.442
5.442
5.442
5.435
5.435
5.435
5.435
5.435
5.435
5.435
5.435
5.435
5.435
5.421
5.415
5.401
5.387
5.380
5.374
5.374
5.367
5.367
5.360
5.367
5.380
5.394
5.401
5.415
5.435
5.456
5.456
5.462
5.490
5.510
5.524
5.538
5.545
5.545
5.545
5.538
5.531
5.531
5.524
5.524
5.551
5.579
5.599
5.579
5.551
5.572
5.592
5.586
5.592
5.620
5.647
5.654
5.661
5.668
5.674
5.681
5.681
5.688
5.688
5.695
5.702
5.715
5.722
5.736
5.743
5.756
5.770
5.777
5.791
5.804
5.804
5.804
5.804
5.804
5.804
5.804
5.811
5.811
5.818
5.818
5.825
5.832
5.838
5.838
5.845
5.852
5.852
5.852
5.852
5.845
5.838
5.832
5.818
5.797
5.777
5.756
5.736
5.722
5.715
5.709
5.702
5.695
5.695
5.688
5.695
5.702
5.709
5.709
5.715
5.722
5.722
5.722
5.715
5.702
5.688
5.681
5.688
5.695
5.702
5.702
5.709
5.715
5.715
5.715
5.715
5.715
5.709
5.709
5.715
5.715
5.722
5.729
5.729
5.736
5.736
5.729
5.722
5.715
5.715
5.709
5.702
5.702
5.695
5.695
5.695
5.695
5.695
5.695
5.695
5.695
5.695
5.702
5.702
5.695
5.695
5.688
5.681
5.681
5.674
5.674
5.681
5.681
5.688
5.688
5.695
5.695
5.695
5.702
5.702
5.695
5.695
5.695
5.695
5.702
5.709
5.715
5.722
5.715
5.715
5.715
5.715
5.709
5.702
5.702
5.695
5.715
5.736
5.756
5.770
5.777
5.777
5.784
5.784
5.784
5.784
5.784
5.777
5.777
5.777
5.770
5.770
5.770
5.770
5.770
5.770
5.777
5.777
5.777
5.791
5.797
5.804
5.818
5.825
5.838
5.845
5.859
5.866
5.879
5.886
5.900
5.907
5.920
5.927
5.941
5.948
5.961
5.968
5.975
5.989
5.996
5.996
6.002
6.009
6.009
6.016
6.016
6.016
6.016
6.016
6.009
6.009
6.009
6.009
6.009
6.009
6.009
6.009
6.009
6.002
5.996
5.989
5.982
5.968
5.961
5.955
5.941
5.934
5.920
5.914
5.914
5.914
5.914
5.914
5.914
5.914
5.914
5.914
5.914
5.914
5.914
5.914
5.907
5.907
5.907
5.907
5.900
5.900
5.893
5.893
5.886
5.886
5.879
5.879
5.873
5.866
5.866
5.859
5.852
5.845
5.838
5.832
5.825
5.818
5.818
5.818
5.818
5.818
5.818
5.818
5.818
5.825
5.825
5.832
5.825
5.825
5.825
5.832
5.838
5.845
5.852
5.859
5.866
5.873
5.873
5.873
5.873
5.873
5.873
5.866
5.866
5.859
5.845
5.838
5.825
5.818
5.804
5.797
5.791
5.797
5.804
5.818
5.832
5.838
5.845
5.859
5.866
5.873
5.879
5.886
5.893
5.900
5.907
5.914
5.914
5.920
5.920
5.927
5.927
5.934
5.934
5.941
5.941
5.934
5.934
5.934
5.934
5.934
5.934
5.934
5.934
5.927
5.927
5.927
5.927
5.927
5.927
5.927
5.927
5.920
5.920
5.914
5.907
5.900
5.900
5.893
5.886
5.879
5.873
5.866
5.859
5.852
5.845
5.838
5.832
5.825
5.818
5.811
5.804
5.804
5.797
5.791
5.784
5.777
5.770
5.770
5.763
5.763
5.756
5.756
5.750
5.750
5.743
5.743
5.743
5.736
5.736
5.736
5.729
5.729
5.729
5.729
5.722
5.715
5.709
5.702
5.702
5.695
5.688
5.688
5.688
5.688
5.688
5.681
5.674
5.668
5.661
5.647
5.640
5.633
5.627
5.620
5.613
5.613
5.606
5.606
5.613
5.613
5.606
5.606
5.599
5.606
5.613
5.620
5.620
5.613
5.613
5.606
5.606
5.606
5.606
5.620
5.633
5.640
5.647
5.654
5.654
5.654
5.647
5.647
5.640
5.640
5.633
5.627
5.620
5.613
5.606
5.599
5.599
5.586
5.579
5.572
5.565
5.558
5.551
5.545
5.545
5.538
5.531
5.524
5.524
5.517
5.510
5.510
5.503
5.510
5.517
5.524
5.524
5.531
5.538
5.545
5.551
5.558
5.565
5.565
5.572
5.579
5.586
5.592
5.599
5.606
5.613
5.620
5.620
5.627
5.627
5.633
5.633
5.633
5.640
5.640
5.640
5.633
5.627
5.620
5.613
5.599
5.592
5.579
5.565
5.551
5.538
5.524
5.510
5.497
5.483
5.469
5.456
5.442
5.428
5.415
5.401
5.387
5.380
5.374
5.374
5.367
5.360
5.353
5.346
5.346
5.339
5.333
5.326
5.319
5.305
5.298
5.298
5.292
5.292
5.285
5.285
5.278
5.278
5.278
5.278
5.278
5.271
5.271
5.271
5.271
5.271
5.271
5.264
5.264
5.264
5.257
5.257
5.251
5.251
5.257
5.257
5.257
5.264
5.264
5.264
5.271
5.271
5.271
5.271
5.264
5.264
5.264
5.264
5.264
5.257
5.244
5.237
5.223
5.216
5.196
5.182
5.162
5.155
5.155
5.155
5.155
5.155
5.155
5.162
5.162
5.162
5.169
5.169
5.162
5.155
5.148
5.141
5.134
5.134
5.128
5.128
5.121
5.121
5.114
5.114
5.107
5.107
5.107
5.107
5.107
5.114
5.114
5.121
5.121
5.121
5.128
5.128
5.134
5.141
5.148
5.148
5.155
5.162
5.162
5.169
5.169
5.169
5.169
5.175
5.175
5.175
5.182
5.189
5.189
5.196
5.196
5.203
5.210
5.216
5.223
5.223
5.230
5.237
5.244
5.251
5.257
5.264
5.271
5.278
5.292
5.298
5.305
5.298
5.298
5.298
5.292
5.292
5.285
5.285
5.285
5.285
5.278
5.278
5.278
5.278
5.278
5.278
5.278
5.285
5.285
5.285
5.285
5.278
5.271
5.264
5.257
5.251
5.244
5.230
5.223
5.216
5.210
5.203
5.196
5.189
5.189
5.189
5.189
5.196
5.196
5.196
5.203
5.203
5.210
5.216
5.216
5.223
5.230
5.230
5.237
5.244
5.251
5.257
5.264
5.271
5.271
5.264
5.257
5.251
5.244
5.230
5.210
5.210
5.216
5.223
5.230
5.237
5.244
5.237
5.223
5.210
5.196
5.189
5.175
5.162
5.155
5.141
5.128
5.114
5.100
5.093
5.114
5.128
5.141
5.148
5.155
5.155
5.162
5.169
5.175
5.182
5.189
5.196
5.196
5.196
5.189
5.182
5.175
5.169
5.162
5.155
5.155
5.155
5.162
5.162
5.162
5.162
5.162
5.162
5.162
5.162
5.162
5.162
5.169
5.169
5.169
5.169
5.169
5.175
5.182
5.189
5.196
5.203
5.210
5.210
5.216
5.223
5.230
5.237
5.244
5.251
5.257
5.264
5.271
5.278
5.285
5.298
5.305
5.312
5.319
5.326
5.326
5.333
5.333
5.333
5.339
5.339
5.339
5.339
5.339
5.339
5.339
5.339
5.339
5.326
5.319
5.305
5.298
5.292
5.278
5.271
5.257
5.244
5.230
5.223
5.210
5.196
5.182
5.175
5.169
5.162
5.155
5.148
5.148
5.141
5.148
5.155
5.162
5.155
5.148
5.141
5.141
5.134
5.148
5.155
5.169
5.175
5.182
5.189
5.196
5.203
5.210
5.216
5.216
5.223
5.230
5.237
5.244
5.251
5.257
5.257
5.264
5.271
5.271
5.271
5.264
5.264
5.264
5.264
5.257
5.257
5.257
5.251
5.251
5.251
5.251
5.244
5.244
5.237
5.230
5.223
5.216
5.216
5.216
5.216
5.216
5.223
5.223
5.223
5.230
5.230
5.230
5.230
5.230
5.223
5.223
5.216
5.216
5.210
5.210
5.203
5.196
5.189
5.189
5.182
5.175
5.175
5.169
5.169
5.162
5.162
5.155
5.155
5.148
5.148
5.148
5.148
5.148
5.148
5.148
5.148
5.148
5.148
5.148
5.155
5.155
5.155
5.155
5.155
5.162
5.162
5.162
5.162
5.162
5.162
5.169
5.169
5.175
5.189
5.203
5.216
5.230
5.244
5.257
5.271
5.278
5.285
5.292
5.298
5.305
5.312
5.312
5.319
5.326
5.333
5.339
5.346
5.353
5.353
5.339
5.326
5.319
5.305
5.298
5.292
5.292
5.285
5.278
5.278
5.271
5.264
5.257
5.251
5.244
5.237
5.230
5.223
5.230
5.230
5.230
5.237
5.237
5.244
5.244
5.244
5.244
5.251
5.251
5.251
5.251
5.251
5.244
5.237
5.237
5.230
5.223
5.223
5.216
5.210
5.210
5.210
5.203
5.203
5.203
5.196
5.196
5.196
5.196
5.196
5.203
5.210
5.210
5.216
5.223
5.223
5.223
5.223
5.230
5.230
5.230
5.230
5.223
5.216
5.210
5.203
5.196
5.196
5.196
5.196
5.203
5.203
5.210
5.230
5.244
5.257
5.271
5.285
5.298
5.305
5.312
5.312
5.319
5.312
5.285
5.230
5.169
5.148
5.169
5.216
5.298
5.326
5.278
5.237
5.216
5.237
5.264
5.292
5.305
5.305
5.305
5.305
5.305
5.305
5.312
5.312
5.305
5.298
5.292
5.285
5.278
5.271
5.264
5.251
5.244
5.244
5.257
5.271
5.285
5.298
5.312
5.326
5.339
5.360
5.374
5.387
5.394
5.401
5.415
5.421
5.428
5.435
5.428
5.421
5.415
5.408
5.401
5.401
5.394
5.387
5.387
5.380
5.374
5.374
5.367
5.360
5.360
5.353
5.339
5.326
5.305
5.285
5.271
5.251
5.237
5.216
5.203
5.182
5.162
5.148
5.128
5.114
5.100
5.087
5.080
5.066
5.053
5.046
5.048
5.052
5.062
5.096
5.165
5.312
5.556
5.804
5.994
6.070
6.121
6.134
6.159
6.160
6.161
6.161
6.161
6.161
6.182
6.182
6.182
6.202
6.202
6.202
6.202
6.202
6.202
6.182
6.182
6.182
6.182
6.182
6.182
6.182
6.202
6.202
6.202
6.202
6.202
6.202
6.202
6.202
6.202
6.182
6.182
6.182
6.182
6.182
6.182
6.182
6.182
6.202
6.182
6.182
6.161
6.161
6.141
6.141
6.121
6.121
6.100
6.080
6.060
6.019
5.999
5.978
5.958
5.938
5.917
5.917
5.917
5.897
5.897
5.897
5.897
5.897
5.897
5.897
5.897
5.917
5.958
5.978
5.999
6.019
6.039
6.060
6.060
6.080
6.080
6.080
6.100
6.100
6.121
6.141
6.161
6.182
6.182
6.202
6.222
6.243
6.243
6.243
6.263
6.263
6.263
6.283
6.283
6.283
6.304
6.304
6.304
6.304
6.324
6.324
6.324
6.344
6.344
6.344
6.344
6.365
6.365
6.365
6.365
6.365
6.385
6.385
6.385
6.405
6.405
6.425
6.425
6.425
6.425
6.425
6.425
6.425
6.425
6.425
6.425
6.405
6.405
6.405
6.385
6.365
6.365
6.344
6.324
6.304
6.304
6.283
6.263
6.243
6.222
6.202
6.182
6.161
6.141
6.121
6.100
6.100
6.080
6.080
6.060
6.060
6.039
6.039
6.019
6.019
5.999
5.978
5.978
5.958
5.938
5.938
5.917
5.917
5.897
5.877
5.877
5.856
5.856
5.836
5.836
5.816
5.816
5.795
5.795
5.795
5.775
5.775
5.775
5.775
5.795
5.795
5.816
5.816
5.836
5.856
5.856
5.877
5.897
5.897
5.897
5.897
5.897
5.897
5.917
5.938
5.938
5.958
5.978
5.999
6.019
6.039
6.060
6.080
6.121
6.141
6.161
6.182
6.202
6.243
6.263
6.283
6.304
6.324
6.365
6.385
6.405
6.446
6.466
6.486
6.527
6.547
6.547
6.568
6.568
6.588
6.588
6.588
6.588
6.588
6.588
6.588
6.588
6.588
6.568
6.568
6.568
6.547
6.547
6.547
6.527
6.527
6.507
6.486
6.486
6.466
6.446
6.405
6.365
6.324
6.283
6.243
6.202
6.141
6.100
6.060
6.019
5.978
5.938
5.897
5.877
5.836
5.795
5.775
5.755
5.714
5.694
5.673
5.633
5.612
5.572
5.551
5.531
5.490
5.470
5.450
5.409
5.389
5.369
5.348
5.369
5.409
5.450
5.429
5.389
5.348
5.308
5.287
5.247
5.206
5.186
5.145
5.125
5.104
5.084
5.064
5.023
5.003
4.982
5.023
5.064
5.104
5.145
5.186
5.247
5.247
5.247
5.247
5.247
5.267
5.287
5.328
5.348
5.389
5.389
5.348
5.287
5.247
5.206
5.165
5.186
5.206
5.247
5.267
5.287
5.308
5.328
5.348
5.389
5.409
5.429
5.450
5.490
5.511
5.531
5.551
5.592
5.612
5.612
5.633
5.633
5.653
5.653
5.673
5.673
5.694
5.694
5.714
5.714
5.734
5.734
5.734
5.734
5.714
5.714
5.714
5.714
5.714
5.714
5.714
5.714
5.714
5.714
5.714
5.714
5.694
5.673
5.653
5.633
5.612
5.592
5.572
5.551
5.531
5.511
5.490
5.470
5.470
5.450
5.450
5.450
5.429
5.429
5.429
5.429
5.409
5.409
5.389
5.389
5.369
5.348
5.348
5.328
5.328
5.308
5.287
5.267
5.247
5.247
5.226
5.206
5.206
5.186
5.186
5.186
5.165
5.165
5.145
5.145
5.125
5.104
5.104
5.084
5.084
5.084
5.064
5.064
5.064
5.043
5.043
5.023
5.023
5.003
5.003
4.982
4.982
4.982
4.982
4.982
4.982
4.982
4.982
4.982
4.962
4.962
4.962
4.942
4.942
4.942
4.921
4.921
4.901
4.881
4.881
4.860
4.840
4.820
4.799
4.799
4.820
4.840
4.881
4.881
4.881
4.881
4.881
4.881
4.921
4.962
5.023
5.064
5.064
5.064
5.064
5.064
5.043
5.043
5.043
5.023
5.023
5.023
5.023
5.023
5.023
5.023
5.023
5.023
5.023
5.023
5.023
5.023
5.023
5.023
5.023
5.023
5.003
5.003
4.982
4.982
4.982
4.982
4.982
4.982
4.982
4.982
5.003
5.023
5.023
5.043
5.064
5.084
5.104
5.125
5.165
5.186
5.226
5.267
5.308
5.328
5.369
5.389
5.409
5.409
5.429
5.429
5.429
5.450
5.450
5.470
5.470
5.490
5.490
5.511
5.490
5.490
5.490
5.490
5.490
5.470
5.450
5.429
5.409
5.389
5.389
5.369
5.328
5.308
5.287
5.267
5.247
5.206
5.186
5.165
5.125
5.104
5.064
5.043
5.003
5.003
4.982
4.982
4.962
4.962
4.942
4.921
4.901
4.881
4.840
4.820
4.799
4.799
4.779
4.779
4.779
4.779
4.759
4.779
4.779
4.779
4.779
4.779
4.779
4.779
4.779
4.820
4.860
4.860
4.840
4.840
4.820
4.820
4.820
4.820
4.840
4.881
4.921
4.962
4.962
4.962
4.962
4.962
4.942
4.942
4.921
4.921
4.942
4.962
4.982
5.003
4.982
4.982
4.982
4.962
4.962
4.962
4.962
4.942
4.942
4.942
4.942
4.942
4.942
4.982
5.023
5.064
5.104
5.104
5.084
5.064
5.064
5.043
5.023
5.023
5.003
4.982
4.982
4.962
4.942
4.942
4.942
4.942
4.942
4.942
4.962
4.962
4.942
4.942
4.942
4.982
5.023
5.064
5.084
5.084
5.084
5.084
5.084
5.084
5.084
5.104
5.125
5.125
5.145
5.165
5.186
5.226
5.247
5.287
5.287
5.287
5.287
5.287
5.287
5.287
5.267
5.247
5.226
5.206
5.165
5.145
5.125
5.104
5.084
5.064
5.043
5.023
5.003
5.003
4.982
4.982
4.982
4.982
4.982
4.982
4.982
4.982
4.982
4.982
4.982
4.982
4.982
4.982
4.982
4.982
4.982
4.982
4.982
4.982
4.982
4.982
4.982
4.982
4.982
4.982
4.982
4.962
4.962
4.942
4.942
4.921
4.901
4.901
4.881
4.881
4.860
4.860
4.840
4.820
4.840
4.860
4.881
4.901
4.901
4.881
4.881
4.881
4.881
4.901
4.901
4.901
4.921
4.901
4.881
4.881
4.901
4.921
4.921
4.921
4.942
4.962
4.982
4.982
5.003
5.003
5.023
5.043
5.064
5.064
5.084
5.104
5.125
5.125
5.145
5.145
5.145
5.125
5.125
5.145
5.165
5.186
5.206
5.226
5.247
5.247
5.247
5.267
5.247
5.226
5.226
5.206
5.186
5.186
5.206
5.206
5.226
5.226
5.247
5.247
5.267
5.267
5.267
5.287
5.287
5.308
5.308
5.328
5.348
5.369
5.389
5.409
5.429
5.429
5.450
5.450
5.470
5.470
5.490
5.490
5.490
5.511
5.511
5.531
5.531
5.531
5.511
5.511
5.511
5.490
5.490
5.490
5.470
5.470
5.450
5.429
5.409
5.389
5.369
5.348
5.328
5.308
5.287
5.287
5.267
5.247
5.226
5.206
5.206
5.186
5.186
5.186
5.165
5.165
5.145
5.125
5.125
5.104
5.104
5.084
5.064
5.043
5.023
5.003
4.982
4.962
4.942
4.921
4.921
4.901
4.881
4.860
4.860
4.860
4.860
4.860
4.860
4.860
4.860
4.860
4.860
4.860
4.881
4.881
4.881
4.901
4.901
4.901
4.921
4.921
4.921
4.921
4.921
4.921
4.942
4.962
4.982
4.982
5.003
5.003
5.003
5.003
5.003
5.003
5.003
5.003
5.003
5.003
5.003
5.003
5.003
5.003
5.003
5.003
5.003
5.003
5.003
5.003
5.023
5.023
5.023
5.023
5.023
5.023
5.023
5.023
5.023
5.023
5.043
5.043
5.064
5.084
5.104
5.104
5.125
5.145
5.165
5.186
5.206
5.247
5.247
5.206
5.165
5.145
5.104
5.064
5.023
5.023
5.003
5.003
4.982
4.962
4.962
4.982
4.982
4.982
5.003
5.043
5.084
5.104
5.145
5.165
5.206
5.247
5.308
5.348
5.409
5.450
5.470
5.470
5.470
5.490
5.490
5.490
5.490
5.490
5.470
5.450
5.429
5.409
5.389
5.348
5.308
5.267
5.226
5.206
5.206
5.186
5.165
5.145
5.125
5.104
5.084
5.064
5.043
5.003
4.982
4.962
4.962
4.942
4.921
4.921
4.921
4.921
4.921
4.921
4.921
4.921
4.921
4.921
4.921
4.921
4.921
4.921
4.921
4.921
4.921
4.921
4.921
4.921
4.921
4.921
4.901
4.901
4.901
4.901
4.901
4.901
4.921
4.942
4.901
4.860
4.820
4.779
4.759
4.759
4.759
4.759
4.738
4.738
4.738
4.759
4.759
4.759
4.759
4.779
4.779
4.779
4.779
4.799
4.799
4.799
4.799
4.820
4.820
4.820
4.820
4.820
4.820
4.799
4.799
4.799
4.799
4.820
4.820
4.820
4.820
4.820
4.820
4.820
4.820
4.820
4.840
4.840
4.840
4.840
4.840
4.840
4.840
4.840
4.840
4.860
4.860
4.860
4.860
4.860
4.860
4.860
4.860
4.860
4.860
4.840
4.840
4.840
4.860
4.860
4.881
4.901
4.921
4.921
4.942
4.942
4.962
4.962
4.982
4.982
4.982
5.003
5.003
5.023
5.043
5.064
5.084
5.104
5.125
5.145
5.165
5.186
5.206
5.226
5.247
5.267
5.267
5.287
5.287
5.287
5.287
5.287
5.287
5.287
5.287
5.287
5.287
5.267
5.247
5.226
5.226
5.206
5.186
5.165
5.165
5.145
5.145
5.125
5.104
5.104
5.084
5.064
5.043
5.023
5.003
4.982
4.982
4.982
4.962
4.962
4.962
4.962
4.962
4.982
4.982
4.982
5.003
5.003
5.003
5.023
5.023
5.023
5.023
5.023
5.003
5.003
4.982
4.962
4.942
4.942
4.942
4.962
4.982
4.982
4.982
5.003
4.982
4.962
4.942
4.901
4.901
4.921
4.921
4.942
4.942
4.921
4.901
4.881
4.860
4.840
4.820
4.799
4.799
4.779
4.759
4.759
4.738
4.718
4.718
4.718
4.718
4.698
4.698
4.698
4.698
4.698
4.698
4.698
4.698
4.698
4.698
4.698
4.698
4.718
4.718
4.738
4.759
4.759
4.779
4.799
4.799
4.820
4.840
4.840
4.860
4.860
4.881
4.881
4.901
4.901
4.921
4.942
4.962
4.982
5.003
5.023
5.043
5.043
5.064
5.064
5.084
5.084
5.104
5.104
5.104
5.104
5.125
5.125
5.165
5.186
5.206
5.247
5.247
5.267
5.287
5.308
5.308
5.348
5.369
5.389
5.409
5.429
5.450
5.450
5.450
5.470
5.470
5.470
5.470
5.450
5.450
5.429
5.429
5.450
5.450
5.450
5.429
5.389
5.369
5.348
5.328
5.328
5.328
5.308
5.308
5.308
5.308
5.308
5.308
5.308
5.308
5.328
5.328
5.348
5.348
5.369
5.389
5.389
5.409
5.429
5.429
5.450
5.450
5.450
5.450
5.450
5.450
5.450
5.450
5.429
5.429
5.450
5.450
5.450
5.450
5.450
5.450
5.450
5.450
5.450
5.450
5.450
5.450
5.450
5.450
5.450
5.450
5.450
5.450
5.450
5.450
5.450
5.450
5.450
5.450
5.450
5.450
5.470
5.470
5.470
5.490
5.490
5.511
5.511
5.531
5.531
5.551
5.551
5.551
5.572
5.572
5.592
5.592
5.612
5.612
5.633
5.633
5.633
5.653
5.653
5.653
5.653
5.673
5.673
5.673
5.673
5.673
5.694
5.694
5.694
5.714
5.714
5.734
5.734
5.755
5.775
5.816
5.836
5.856
5.877
5.897
5.917
5.938
5.938
5.958
5.978
5.978
5.999
5.999
6.019
6.039
6.039
6.039
6.039
6.019
6.019
5.999
5.958
5.938
5.917
5.938
5.958
5.978
5.999
6.019
6.019
6.039
6.039
6.039
6.060
6.060
6.080
6.080
6.100
6.121
6.141
6.161
6.182
6.202
6.222
6.243
6.263
6.263
6.283
6.304
6.304
6.324
6.324
6.324
6.324
6.304
6.304
6.283
6.283
6.283
6.283
6.283
6.283
6.283
6.283
6.283
6.283
6.283
6.283
6.283
6.283
6.283
6.283
6.283
6.263
6.263
6.283
6.283
6.283
6.304
6.304
6.324
6.324
6.344
6.344
6.365
6.365
6.385
6.425
6.446
6.466
6.527
6.588
6.649
6.710
6.751
6.791
6.832
6.873
6.893
6.913
6.934
6.934
6.954
6.954
6.954
6.954
6.954
6.954
6.954
6.954
6.974
6.974
6.974
6.974
6.995
6.995
6.995
6.995
6.995
6.995
6.995
6.995
6.995
7.015
7.015
7.015
7.035
7.035
7.015
7.015
6.995
6.974
6.974
6.954
6.954
6.934
6.934
6.934
6.934
6.934
6.934
6.934
6.934
6.913
6.913
6.913
6.913
6.913
6.934
6.954
6.974
6.995
7.015
7.056
7.076
7.117
7.137
7.178
7.218
7.239
7.259
7.279
7.300
7.320
7.340
7.340
7.320
7.320
7.300
7.300
7.300
7.279
7.300
7.300
7.300
7.300
7.300
7.300
7.300
7.300
7.279
7.279
7.259
7.239
7.239
7.218
7.198
7.178
7.157
7.157
7.137
7.117
7.117
7.096
7.076
7.076
7.056
7.035
7.015
6.995
6.974
6.954
6.954
6.934
6.913
6.893
6.893
6.873
6.873
6.852
6.852
6.832
6.832
6.812
6.791
6.771
6.771
6.751
6.730
6.751
6.751
6.771
6.791
6.812
6.832
6.873
6.893
6.913
6.873
6.852
6.832
6.832
6.832
6.832
6.832
6.832
6.832
6.852
6.873
6.913
6.954
6.995
7.035
7.056
7.076
7.117
7.137
7.137
7.137
7.137
7.137
7.137
7.157
7.178
7.198
7.218
7.218
7.218
7.218
7.218
7.239
7.259
7.259
7.279
7.300
7.300
7.320
7.320
7.340
7.340
7.360
7.360
7.360
7.381
7.401
7.401
7.421
7.421
7.442
7.442
7.442
7.462
7.462
7.462
7.462
7.482
7.482
7.482
7.482
7.503
7.523
7.523
7.543
7.543
7.564
7.584
7.604
7.604
7.625
7.645
7.686
7.706
7.726
7.747
7.767
7.787
7.787
7.787
7.787
7.767
7.767
7.747
7.726
7.706
7.686
7.686
7.686
7.686
7.665
7.665
7.645
7.625
7.604
7.584
7.564
7.523
7.503
7.482
7.462
7.442
7.442
7.421
7.401
7.401
7.401
7.401
7.401
7.421
7.421
7.442
7.442
7.462
7.503
7.523
7.543
7.564
7.584
7.604
7.604
7.625
7.625
7.625
7.625
7.604
7.604
7.604
7.625
7.645
7.645
7.645
7.625
7.625
7.625
7.604
7.604
7.604
7.604
7.604
7.604
7.625
7.645
7.665
7.686
7.665
7.645
7.645
7.645
7.645
7.645
7.645
7.645
7.645
7.645
7.645
7.665
7.665
7.665
7.665
7.665
7.645
7.645
7.645
7.625
7.625
7.625
7.625
7.604
7.625
7.625
7.625
7.645
7.645
7.645
7.665
7.645
7.645
7.625
7.625
7.604
7.584
7.584
7.564
7.564
7.543
7.543
7.543
7.543
7.543
7.523
7.523
7.543
7.543
7.564
7.564
7.584
7.604
7.604
7.604
7.625
7.625
7.625
7.645
7.645
7.665
7.706
7.726
7.767
7.808
7.828
7.848
7.869
7.889
7.909
7.909
7.930
7.930
7.950
7.950
7.970
7.970
7.991
7.991
8.011
8.011
8.011
8.011
8.011
8.011
8.011
8.011
8.011
8.011
8.011
7.991
7.991
7.991
7.970
7.970
7.950
7.950
7.950
7.930
7.909
7.909
7.889
7.869
7.869
7.848
7.828
7.808
7.787
7.767
7.747
7.726
7.706
7.686
7.665
7.625
7.584
7.564
7.543
7.543
7.523
7.503
7.503
7.523
7.543
7.564
7.584
7.604
7.604
7.625
7.625
7.625
7.625
7.645
7.645
7.625
7.625
7.625
7.604
7.604
7.584
7.584
7.564
7.543
7.523
7.523
7.503
7.482
7.442
7.421
7.401
7.360
7.360
7.381
7.381
7.381
7.381
7.401
7.401
7.401
7.401
7.401
7.401
7.401
7.401
7.401
7.381
7.381
7.360
7.340
7.320
7.300
7.279
7.259
7.239
7.218
7.218
7.198
7.178
7.157
7.157
7.157
7.137
7.137
7.137
7.137
7.137
7.157
7.157
7.178
7.198
7.218
7.239
7.279
7.340
7.401
7.462
7.503
7.543
7.564
7.604
7.625
7.645
7.665
7.665
7.665
7.686
7.686
7.686
7.706
7.706
7.706
7.706
7.706
7.686
7.686
7.686
7.686
7.686
7.686
7.686
7.686
7.686
7.665
7.665
7.665
7.665
7.665
7.665
7.665
7.665
7.686
7.686
7.706
7.706
7.706
7.706
7.706
7.706
7.706
7.726
7.767
7.787
7.808
7.828
7.828
7.808
7.787
7.787
7.767
7.747
7.726
7.706
7.686
7.665
7.645
7.625
7.604
7.584
7.564
7.543
7.523
7.523
7.503
7.482
7.462
7.442
7.442
7.421
7.421
7.401
7.401
7.381
7.381
7.381
7.401
7.401
7.421
7.442
7.442
7.462
7.482
7.482
7.503
7.503
7.503
7.503
7.503
7.503
7.523
7.523
7.543
7.543
7.564
7.564
7.564
7.564
7.584
7.604
7.625
7.645
7.686
7.706
7.726
7.747
7.767
7.808
7.808
7.787
7.767
7.767
7.747
7.726
7.726
7.726
7.706
7.706
7.726
7.726
7.747
7.767
7.787
7.828
7.848
7.848
7.848
7.869
7.869
7.869
7.889
7.889
7.889
7.909
7.909
7.909
7.930
7.930
7.930
7.930
7.950
7.970
7.991
8.011
8.031
8.031
8.052
8.052
8.072
8.072
8.092
8.113
8.113
8.133
8.153
8.153
8.153
8.174
8.174
8.194
8.194
8.214
8.214
8.214
8.235
8.255
8.275
8.295
8.295
8.316
8.316
8.316
8.316
8.316
8.316
8.295
8.295
8.255
8.214
8.174
8.133
8.092
8.052
8.011
7.970
7.930
7.909
7.889
7.869
7.848
7.848
7.828
7.808
7.767
7.747
7.726
7.726
7.747
7.747
7.767
7.787
7.828
7.848
7.889
7.909
7.930
7.970
7.991
8.011
8.031
8.052
8.052
8.072
8.092
8.113
8.113
8.133
8.133
8.133
8.133
8.133
8.113
8.113
8.092
8.092
8.072
8.052
8.031
8.011
7.991
7.970
7.930
7.909
7.869
7.848
7.808
7.787
7.787
7.767
7.747
7.767
7.767
7.767
7.767
7.767
7.767
7.767
7.767
7.747
7.747
7.747
7.747
7.726
7.726
7.726
7.706
7.686
7.686
7.665
7.645
7.645
7.645
7.645
7.645
7.645
7.645
7.625
7.625
7.645
7.645
7.665
7.686
7.686
7.706
7.726
7.726
7.726
7.726
7.726
7.726
7.747
7.747
7.747
7.747
7.767
7.767
7.767
7.787
7.787
7.808
7.808
7.808
7.808
7.828
7.828
7.828
7.828
7.828
7.848
7.848
7.869
7.889
7.909
7.909
7.930
7.950
7.970
7.991
8.011
8.031
8.031
8.052
8.052
8.052
8.052
8.052
8.052
8.052
8.052
8.031
8.031
8.011
7.991
7.970
7.930
7.909
7.869
7.828
7.787
7.747
7.706
7.665
7.645
7.625
7.604
7.584
7.543
7.523
7.482
7.462
7.421
7.401
7.360
7.340
7.300
7.279
7.239
7.218
7.178
7.157
7.137
7.117
7.096
7.076
7.076
7.056
7.056
7.056
7.056
7.056
7.076
7.076
7.096
7.117
7.137
7.157
7.137
7.117
7.117
7.096
7.096
7.076
7.076
7.076
7.056
7.035
7.015
6.995
6.954
6.934
6.954
6.974
7.015
7.015
7.015
7.015
6.995
6.995
6.974
6.974
6.995
6.995
6.974
6.974
6.954
6.934
6.913
6.934
6.934
6.934
6.954
6.954
6.954
6.913
6.893
6.873
6.852
6.832
6.791
6.771
6.751
6.710
6.690
6.669
6.629
6.608
6.588
6.588
6.588
6.568
6.568
6.547
6.547
6.527
6.527
6.527
6.527
6.527
6.527
6.527
6.527
6.547
6.547
6.568
6.568
6.588
6.588
6.608
6.608
6.629
6.629
6.649
6.669
6.669
6.690
6.690
6.710
6.710
6.710
6.730
6.730
6.730
6.751
6.771
6.771
6.791
6.791
6.791
6.791
6.791
6.791
6.771
6.771
6.771
6.771
6.751
6.751
6.751
6.730
6.730
6.710
6.690
6.669
6.629
6.608
6.568
6.547
6.527
6.486
6.466
6.446
6.405
6.385
6.344
6.324
6.304
6.263
6.222
6.161
6.121
6.080
6.039
5.999
5.958
5.938
5.917
5.917
5.897
5.877
5.877
5.877
5.877
5.877
5.877
5.877
5.856
5.856
5.856
5.856
5.856
5.836
5.856
5.877
5.877
5.897
5.917
5.938
5.958
5.978
5.978
5.958
5.938
5.938
5.917
5.917
5.897
5.917
5.938
5.958
5.958
5.958
5.978
6.019
6.060
6.100
6.100
6.100
6.121
6.161
6.202
6.222
6.263
6.263
6.263
6.283
6.283
6.283
6.283
6.263
6.263
6.263
6.263
6.263
6.243
6.222
6.222
6.202
6.182
6.182
6.182
6.182
6.182
6.182
6.182
6.202
6.202
6.202
6.202
6.202
6.222
6.222
6.222
6.243
6.243
6.243
6.263
6.263
6.263
6.263
6.263
6.283
6.283
6.283
6.304
6.304
6.324
6.324
6.344
6.385
6.405
6.425
6.466
6.466
6.486
6.507
6.507
6.527
6.527
6.547
6.547
6.568
6.568
6.588
6.608
6.608
6.629
6.629
6.608
6.588
6.588
6.568
6.547
6.527
6.507
6.486
6.466
6.446
6.405
6.385
6.365
6.324
6.304
6.263
6.222
6.182
6.141
6.100
6.060
6.039
5.999
5.958
5.938
5.917
5.897
5.877
5.877
5.856
5.836
5.816
5.816
5.795
5.775
5.755
5.755
5.734
5.714
5.694
5.694
5.673
5.653
5.633
5.633
5.612
5.592
5.572
5.592
5.612
5.612
5.633
5.633
5.633
5.633
5.633
5.612
5.592
5.572
5.551
5.531
5.531
5.572
5.592
5.572
5.572
5.572
5.551
5.551
5.551
5.531
5.531
5.531
5.531
5.531
5.531
5.531
5.531
5.551
5.551
5.551
5.531
5.511
5.511
5.490
5.470
5.450
5.429
5.389
5.369
5.348
5.308
5.287
5.287
5.287
5.287
5.287
5.287
5.287
5.287
5.287
5.308
5.308
5.308
5.308
5.308
5.308
5.308
5.328
5.328
5.328
5.348
5.369
5.369
5.389
5.409
5.429
5.429
5.450
5.450
5.470
5.470
5.490
5.490
5.511
5.511
5.511
5.531
5.531
5.531
5.551
5.551
5.551
5.551
5.572
5.572
5.592
5.592
5.612
5.612
5.612
5.612
5.612
5.612
5.633
5.633
5.653
5.653
5.673
5.673
5.694
5.714
5.714
5.734
5.734
5.755
5.755
5.775
5.775
5.775
5.775
5.775
5.775
5.755
5.755
5.755
5.734
5.734
5.714
5.714
5.694
5.694
5.694
5.714
5.714
5.714
5.714
5.714
5.714
5.714
5.714
5.714
5.714
5.714
5.714
5.714
5.714
5.714
5.714
5.714
5.694
5.694
5.673
5.673
5.653
5.653
5.633
5.612
5.612
5.592
5.572
5.572
5.551
5.551
5.531
5.531
5.511
5.511
5.511
5.490
5.490
5.470
5.470
5.470
5.450
5.450
5.450
5.450
5.450
5.450
5.450
5.450
5.450
5.470
5.470
5.470
5.470
5.470
5.470
5.490
5.490
5.490
5.490
5.490
5.490
5.511
5.511
5.511
5.531
5.531
5.531
5.551
5.551
5.551
5.572
5.572
5.592
5.592
5.612
5.612
5.612
5.592
5.592
5.592
5.592
5.592
5.592
5.572
5.572
5.572
5.572
5.572
5.572
5.572
5.572
5.551
5.531
5.531
5.511
5.511
5.490
5.490
5.470
5.470
5.450
5.450
5.450
5.450
5.470
5.470
5.470
5.490
5.490
5.511
5.511
5.511
5.531
5.531
5.551
5.551
5.551
5.572
5.572
5.572
5.592
5.592
5.612
5.612
5.633
5.653
5.673
5.673
5.694
5.694
5.714
5.714
5.714
5.734
5.734
5.734
5.734
5.714
5.714
5.714
5.714
5.714
5.714
5.694
5.694
5.694
5.694
5.694
5.673
5.673
5.673
5.673
5.673
5.653
5.653
5.653
5.653
5.633
5.633
5.633
5.633
5.633
5.633
5.633
5.633
5.633
5.633
5.633
5.633
5.633
5.633
5.633
5.633
5.633
5.633
5.633
5.633
5.633
5.653
5.653
5.673
5.653
5.633
5.633
5.673
5.714
5.734
5.755
5.755
5.755
5.775
5.775
5.795
5.795
5.816
5.816
5.816
5.816
5.816
5.836
5.836
5.856
5.856
5.856
5.877
5.877
5.897
5.897
5.917
5.917
5.917
5.917
5.917
5.917
5.917
5.897
5.897
5.897
5.877
5.877
5.877
5.877
5.856
5.856
5.856
5.836
5.836
5.816
5.816
5.816
5.816
5.816
5.816
5.816
5.836
5.877
5.897
5.938
5.958
5.978
5.978
5.978
5.978
5.999
5.999
5.999
6.019
6.019
6.019
6.019
6.019
6.019
6.019
6.019
6.019
6.019
6.020
6.002
6.007
6.021
6.038
6.095
6.265
6.565
6.894
7.114
7.229
7.291
7.318
7.316
7.318
7.310
7.301
7.292
7.292
7.292
7.292
7.292
7.292
7.283
7.283
7.274
7.274
7.274
7.274
7.274
7.283
7.292
7.292
7.301
7.301
7.311
7.320
7.329
7.329
7.338
7.347
7.357
7.366
7.375
7.384
7.384
7.393
7.393
7.403
7.403
7.412
7.430
7.439
7.448
7.458
7.458
7.458
7.467
7.467
7.467
7.476
7.476
7.476
7.485
7.485
7.494
7.494
7.494
7.504
7.504
7.504
7.513
7.513
7.513
7.513
7.522
7.522
7.522
7.522
7.522
7.522
7.522
7.522
7.531
7.531
7.531
7.531
7.531
7.531
7.531
7.531
7.531
7.531
7.531
7.531
7.531
7.531
7.531
7.531
7.522
7.522
7.522
7.513
7.504
7.494
7.485
7.476
7.467
7.458
7.448
7.439
7.421
7.412
7.393
7.366
7.347
7.320
7.301
7.283
7.265
7.256
7.246
7.237
7.228
7.228
7.219
7.210
7.210
7.200
7.200
7.191
7.191
7.191
7.182
7.182
7.182
7.173
7.164
7.154
7.145
7.127
7.118
7.118
7.118
7.108
7.108
7.108
7.099
7.108
7.118
7.118
7.127
7.136
7.145
7.154
7.164
7.173
7.182
7.191
7.191
7.200
7.210
7.219
7.228
7.237
7.246
7.237
7.228
7.219
7.210
7.200
7.200
7.210
7.210
7.210
7.219
7.228
7.237
7.246
7.256
7.274
7.283
7.292
7.301
7.311
7.329
7.338
7.338
7.338
7.338
7.338
7.338
7.338
7.338
7.329
7.320
7.311
7.301
7.301
7.283
7.256
7.228
7.200
7.182
7.154
7.127
7.099
7.081
7.063
7.053
7.035
7.017
6.998
6.980
6.961
6.943
6.925
6.897
6.879
6.860
6.833
6.814
6.787
6.769
6.741
6.713
6.686
6.658
6.631
6.603
6.576
6.548
6.520
6.493
6.465
6.438
6.410
6.383
6.355
6.318
6.281
6.245
6.208
6.171
6.134
6.098
6.052
6.015
5.978
5.942
5.905
5.868
5.831
5.794
5.758
5.712
5.675
5.638
5.602
5.565
5.519
5.482
5.454
5.418
5.381
5.353
5.317
5.280
5.252
5.225
5.206
5.179
5.160
5.142
5.124
5.115
5.105
5.096
5.087
5.078
5.069
5.059
5.059
5.050
5.050
5.041
5.041
5.032
5.023
5.023
5.013
5.013
5.004
5.013
5.013
5.013
5.013
5.023
5.023
5.013
5.013
5.013
5.004
5.004
5.004
5.004
5.004
5.013
5.013
5.013
5.023
5.023
5.023
5.032
5.069
5.115
5.160
5.216
5.271
5.335
5.399
5.464
5.537
5.620
5.693
5.776
5.850
5.914
5.978
6.043
6.098
6.153
6.171
6.190
6.208
6.217
6.245
6.272
6.300
6.355
6.419
6.484
6.539
6.594
6.649
6.695
6.732
6.750
6.778
6.796
6.814
6.842
6.851
6.860
6.870
6.879
6.888
6.897
6.906
6.906
6.906
6.906
6.916
6.916
6.916
6.916
6.906
6.888
6.879
6.870
6.851
6.833
6.814
6.796
6.778
6.759
6.741
6.723
6.695
6.677
6.658
6.640
6.612
6.603
6.603
6.603
6.594
6.594
6.594
6.585
6.585
6.576
6.576
6.576
6.566
6.566
6.557
6.557
6.548
6.539
6.539
6.530
6.530
6.511
6.502
6.484
6.465
6.447
6.429
6.410
6.392
6.373
6.355
6.337
6.318
6.300
6.281
6.263
6.245
6.226
6.208
6.190
6.171
6.162
6.153
6.144
6.134
6.125
6.116
6.107
6.107
6.098
6.089
6.089
6.089
6.079
6.079
6.070
6.070
6.070
6.070
6.070
6.061
6.061
6.061
6.061
6.061
6.061
6.061
6.070
6.070
6.079
6.079
6.089
6.098
6.098
6.107
6.116
6.125
6.134
6.144
6.153
6.162
6.190
6.208
6.236
6.263
6.291
6.309
6.337
6.355
6.383
6.401
6.410
6.429
6.447
6.456
6.465
6.465
6.474
6.474
6.484
6.484
6.484
6.484
6.484
6.484
6.484
6.484
6.493
6.502
6.502
6.511
6.520
6.530
6.539
6.539
6.548
6.548
6.557
6.566
6.566
6.576
6.576
6.585
6.585
6.585
6.585
6.594
6.594
6.585
6.576
6.566
6.557
6.539
6.530
6.511
6.493
6.465
6.438
6.419
6.392
6.373
6.355
6.337
6.309
6.291
6.263
6.236
6.208
6.180
6.162
6.134
6.116
6.089
6.070
6.043
6.015
5.978
5.951
5.923
5.896
5.859
5.831
5.804
5.776
5.749
5.721
5.684
5.657
5.629
5.602
5.565
5.537
5.510
5.482
5.464
5.436
5.418
5.390
5.372
5.353
5.335
5.326
5.307
5.289
5.280
5.252
5.234
5.216
5.197
5.179
5.160
5.142
5.124
5.115
5.096
5.078
5.069
5.069
5.069
5.078
5.078
5.078
5.078
5.078
5.087
5.087
5.096
5.105
5.105
5.105
5.105
5.115
5.115
5.115
5.124
5.133
5.142
5.151
5.160
5.179
5.188
5.206
5.225
5.243
5.271
5.298
5.326
5.363
5.390
5.418
5.436
5.445
5.464
5.482
5.500
5.519
5.537
5.546
5.565
5.583
5.602
5.611
5.629
5.638
5.675
5.684
5.666
5.666
5.730
5.804
5.859
5.896
5.923
5.960
5.987
6.006
6.006
6.015
6.015
6.024
6.024
6.024
6.024
6.024
6.015
6.006
5.997
5.997
5.987
5.978
5.969
5.969
5.969
5.978
5.987
5.987
5.997
6.006
6.015
6.015
6.024
6.033
6.033
6.043
6.043
6.052
6.052
6.043
6.024
6.006
5.987
5.978
5.969
5.951
5.942
5.932
5.923
5.905
5.896
5.877
5.859
5.850
5.831
5.822
5.804
5.794
5.776
5.767
5.758
5.739
5.730
5.712
5.693
5.684
5.666
5.657
5.638
5.620
5.611
5.592
5.583
5.574
5.556
5.546
5.528
5.510
5.491
5.473
5.454
5.436
5.418
5.390
5.353
5.326
5.289
5.262
5.243
5.234
5.225
5.206
5.197
5.188
5.179
5.160
5.151
5.142
5.133
5.124
5.115
5.115
5.124
5.133
5.133
5.142
5.151
5.151
5.160
5.170
5.170
5.179
5.188
5.206
5.225
5.234
5.252
5.271
5.298
5.335
5.363
5.390
5.418
5.445
5.473
5.510
5.556
5.592
5.629
5.666
5.703
5.730
5.767
5.785
5.804
5.831
5.850
5.877
5.886
5.905
5.914
5.923
5.942
5.951
5.960
5.969
5.969
5.978
5.978
5.978
5.978
5.978
5.987
5.987
5.987
5.997
5.997
6.006
6.006
6.015
6.024
6.024
6.033
6.043
6.043
6.052
6.061
6.061
6.070
6.070
6.079
6.089
6.089
6.089
6.098
6.098
6.098
6.107
6.107
6.116
6.116
6.116
6.125
6.125
6.125
6.134
6.134
6.144
6.144
6.153
6.162
6.171
6.180
6.190
6.190
6.199
6.208
6.208
6.217
6.217
6.217
6.217
6.226
6.226
6.236
6.245
6.254
6.254
6.263
6.272
6.281
6.281
6.291
6.300
6.309
6.309
6.318
6.327
6.327
6.327
6.327
6.327
6.327
6.318
6.318
6.318
6.318
6.318
6.309
6.309
6.309
6.309
6.309
6.300
6.300
6.300
6.300
6.291
6.291
6.291
6.291
6.300
6.300
6.300
6.300
6.300
6.300
6.300
6.300
6.291
6.291
6.291
6.291
6.291
6.281
6.281
6.281
6.291
6.291
6.291
6.300
6.309
6.309
6.318
6.327
6.337
6.346
6.355
6.364
6.364
6.373
6.383
6.383
6.383
6.383
6.383
6.383
6.383
6.392
6.392
6.401
6.392
6.364
6.346
6.355
6.383
6.410
6.438
6.456
6.456
6.447
6.447
6.447
6.438
6.429
6.410
6.383
6.364
6.337
6.318
6.291
6.272
6.254
6.245
6.226
6.217
6.199
6.190
6.171
6.162
6.153
6.144
6.144
6.134
6.134
6.134
6.125
6.125
6.116
6.116
6.116
6.107
6.107
6.098
6.089
6.089
6.079
6.070
6.061
6.061
6.052
6.043
6.043
6.043
6.033
6.033
6.033
6.024
6.006
5.997
5.978
5.969
5.951
5.932
5.923
5.905
5.886
5.877
5.859
5.840
5.822
5.804
5.785
5.767
5.749
5.730
5.712
5.703
5.684
5.675
5.666
5.647
5.638
5.629
5.629
5.629
5.620
5.620
5.620
5.611
5.611
5.602
5.592
5.583
5.583
5.583
5.592
5.592
5.602
5.602
5.611
5.611
5.620
5.620
5.620
5.629
5.629
5.629
5.629
5.629
5.638
5.638
5.638
5.638
5.647
5.647
5.657
5.666
5.675
5.675
5.684
5.693
5.703
5.712
5.721
5.730
5.739
5.749
5.758
5.767
5.776
5.785
5.794
5.804
5.822
5.831
5.840
5.859
5.868
5.886
5.896
5.923
5.942
5.960
5.978
5.997
6.015
6.033
6.052
6.061
6.079
6.089
6.107
6.116
6.125
6.134
6.144
6.153
6.162
6.171
6.180
6.180
6.190
6.199
6.208
6.217
6.226
6.236
6.245
6.245
6.254
6.263
6.263
6.254
6.254
6.245
6.245
6.236
6.226
6.217
6.199
6.190
6.171
6.134
6.107
6.079
6.052
6.024
5.997
5.969
5.942
5.914
5.886
5.868
5.840
5.822
5.804
5.794
5.776
5.767
5.758
5.749
5.749
5.739
5.739
5.739
5.730
5.730
5.730
5.721
5.721
5.703
5.684
5.675
5.657
5.638
5.629
5.620
5.611
5.592
5.583
5.574
5.565
5.556
5.546
5.537
5.528
5.528
5.519
5.500
5.491
5.473
5.464
5.445
5.436
5.418
5.409
5.399
5.381
5.372
5.363
5.344
5.344
5.335
5.326
5.317
5.307
5.307
5.298
5.298
5.289
5.289
5.280
5.280
5.271
5.271
5.262
5.262
5.252
5.252
5.243
5.234
5.225
5.216
5.206
5.206
5.206
5.206
5.216
5.225
5.234
5.243
5.252
5.262
5.262
5.262
5.262
5.252
5.243
5.243
5.234
5.234
5.234
5.243
5.243
5.243
5.252
5.252
5.234
5.225
5.216
5.197
5.170
5.151
5.133
5.105
5.096
5.078
5.069
5.050
5.041
5.023
5.013
5.013
5.004
4.995
4.986
4.967
4.958
4.949
4.931
4.922
4.903
4.894
4.876
4.857
4.848
4.839
4.820
4.811
4.802
4.793
4.784
4.765
4.756
4.747
4.738
4.719
4.710
4.701
4.692
4.683
4.673
4.655
4.646
4.637
4.627
4.609
4.600
4.582
4.563
4.545
4.526
4.508
4.490
4.462
4.444
4.416
4.398
4.379
4.352
4.333
4.315
4.297
4.269
4.251
4.232
4.205
4.186
4.168
4.150
4.131
4.113
4.095
4.085
4.085
4.076
4.067
4.058
4.058
4.049
4.039
4.030
4.030
4.021
4.012
4.012
4.030
4.049
4.076
4.095
4.113
4.131
4.150
4.168
4.196
4.214
4.242
4.260
4.278
4.288
4.297
4.306
4.324
4.352
4.379
4.398
4.425
4.444
4.471
4.490
4.517
4.545
4.572
4.582
4.600
4.609
4.627
4.646
4.655
4.673
4.683
4.701
4.710
4.719
4.729
4.738
4.747
4.756
4.756
4.765
4.765
4.765
4.765
4.765
4.765
4.765
4.756
4.756
4.747
4.747
4.747
4.747
4.747
4.747
4.765
4.775
4.784
4.802
4.820
4.848
4.866
4.885
4.903
4.922
4.940
4.958
4.958
4.949
4.940
4.940
4.931
4.922
4.912
4.912
4.903
4.903
4.903
4.894
4.894
4.894
4.885
4.885
4.885
4.876
4.876
4.866
4.857
4.848
4.839
4.830
4.820
4.811
4.802
4.802
4.793
4.784
4.775
4.765
4.756
4.747
4.738
4.729
4.710
4.701
4.692
4.673
4.664
4.655
4.637
4.627
4.618
4.609
4.591
4.582
4.572
4.554
4.554
4.545
4.545
4.545
4.545
4.545
4.536
4.536
4.536
4.536
4.536
4.536
4.545
4.545
4.545
4.554
4.554
4.554
4.563
4.572
4.591
4.609
4.618
4.637
4.655
4.673
4.683
4.701
4.719
4.738
4.756
4.765
4.784
4.802
4.820
4.839
4.857
4.876
4.894
4.912
4.931
4.949
4.967
4.986
5.004
5.032
5.050
5.069
5.087
5.105
5.133
5.151
5.160
5.179
5.188
5.206
5.216
5.234
5.243
5.252
5.271
5.280
5.298
5.307
5.326
5.335
5.353
5.363
5.372
5.390
5.399
5.418
5.427
5.445
5.454
5.473
5.482
5.500
5.510
5.510
5.519
5.528
5.537
5.546
5.556
5.565
5.574
5.574
5.583
5.583
5.583
5.583
5.592
5.602
5.611
5.620
5.629
5.629
5.638
5.638
5.647
5.647
5.657
5.657
5.657
5.666
5.657
5.647
5.647
5.638
5.638
5.629
5.620
5.620
5.611
5.611
5.611
5.611
5.611
5.611
5.611
5.611
5.611
5.602
5.602
5.602
5.602
5.602
5.592
5.592
5.592
5.574
5.565
5.546
5.528
5.500
5.473
5.464
5.473
5.473
5.454
5.454
5.445
5.436
5.427
5.418
5.409
5.399
5.399
5.399
5.399
5.390
5.390
5.390
5.381
5.381
5.381
5.372
5.363
5.353
5.344
5.335
5.326
5.317
5.307
5.298
5.289
5.280
5.280
5.280
5.280
5.280
5.280
5.280
5.280
5.280
5.280
5.280
5.280
5.280
5.280
5.289
5.289
5.289
5.307
5.317
5.335
5.344
5.363
5.372
5.381
5.390
5.390
5.399
5.409
5.418
5.418
5.418
5.427
5.427
5.427
5.436
5.436
5.445
5.445
5.445
5.454
5.464
5.473
5.482
5.491
5.500
5.500
5.510
5.519
5.519
5.528
5.537
5.537
5.537
5.537
5.537
5.537
5.537
5.537
5.537
5.537
5.537
5.537
5.537
5.537
5.537
5.537
5.546
5.546
5.556
5.574
5.583
5.592
5.592
5.592
5.602
5.602
5.602
5.602
5.592
5.583
5.574
5.565
5.556
5.546
5.537
5.528
5.519
5.510
5.500
5.491
5.482
5.473
5.464
5.454
5.445
5.445
5.436
5.427
5.418
5.409
5.409
5.399
5.399
5.399
5.399
5.399
5.399
5.399
5.399
5.399
5.399
5.399
5.399
5.399
5.399
5.399
5.399
5.399
5.399
5.399
5.399
5.409
5.409
5.409
5.418
5.418
5.418
5.418
5.418
5.418
5.427
5.427
5.427
5.427
5.418
5.418
5.409
5.399
5.390
5.390
5.381
5.372
5.363
5.363
5.363
5.353
5.353
5.353
5.353
5.344
5.344
5.335
5.335
5.326
5.326
5.326
5.317
5.326
5.335
5.344
5.353
5.363
5.372
5.381
5.399
5.418
5.427
5.445
5.454
5.473
5.482
5.491
5.510
5.519
5.537
5.546
5.565
5.583
5.592
5.611
5.638
5.657
5.675
5.693
5.712
5.739
5.758
5.776
5.794
5.813
5.840
5.868
5.896
5.923
5.960
6.006
6.043
6.070
6.089
6.107
6.125
6.144
6.171
6.208
6.254
6.300
6.337
6.355
6.364
6.383
6.401
6.419
6.429
6.438
6.447
6.447
6.456
6.465
6.474
6.484
6.502
6.520
6.539
6.557
6.557
6.548
6.548
6.548
6.539
6.539
6.530
6.530
6.530
6.530
6.530
6.530
6.530
6.530
6.530
6.530
6.520
6.520
6.511
6.511
6.502
6.502
6.502
6.493
6.493
6.484
6.484
6.474
6.465
6.465
6.456
6.447
6.447
6.438
6.429
6.410
6.392
6.373
6.355
6.346
6.327
6.309
6.291
6.272
6.254
6.245
6.226
6.208
6.190
6.171
6.153
6.144
6.125
6.116
6.098
6.079
6.070
6.052
6.043
6.033
6.015
6.006
5.997
5.987
5.969
5.960
5.951
5.942
5.932
5.932
5.923
5.914
5.905
5.896
5.896
5.886
5.877
5.877
5.877
5.886
5.886
5.886
5.905
5.914
5.932
5.951
5.969
5.978
5.987
5.997
6.006
6.015
6.024
6.033
6.043
6.052
6.061
6.070
6.079
6.079
6.089
6.098
6.116
6.144
6.162
6.180
6.190
6.199
6.236
6.291
6.364
6.419
6.447
6.484
6.502
6.530
6.557
6.585
6.594
6.603
6.612
6.631
6.631
6.631
6.631
6.612
6.594
6.576
6.594
6.621
6.649
6.677
6.704
6.732
6.759
6.787
6.824
6.851
6.888
6.916
6.952
6.980
7.007
7.026
7.053
7.072
7.099
7.118
7.136
7.154
7.164
7.173
7.182
7.200
7.210
7.210
7.219
7.219
7.219
7.228
7.228
7.237
7.237
7.246
7.256
7.256
7.265
7.274
7.274
7.283
7.292
7.292
7.301
7.311
7.311
7.320
7.329
7.338
7.338
7.347
7.347
7.347
7.338
7.338
7.338
7.329
7.338
7.338
7.338
7.338
7.338
7.329
7.320
7.301
7.292
7.274
7.265
7.256
7.246
7.228
7.210
7.182
7.164
7.154
7.154
7.154
7.154
7.145
7.145
7.145
7.136
7.136
7.127
7.127
7.118
7.108
7.099
7.090
7.081
7.081
7.081
7.081
7.072
7.072
7.072
7.072
7.072
7.072
7.072
7.072
7.081
7.081
7.090
7.090
7.099
7.108
7.108
7.118
7.127
7.127
7.136
7.145
7.154
7.164
7.182
7.191
7.219
7.256
7.292
7.329
7.347
7.366
7.384
7.403
7.421
7.448
7.467
7.494
7.513
7.550
7.586
7.623
7.660
7.651
7.651
7.641
7.678
7.733
7.770
7.779
7.770
7.779
7.871
7.954
7.981
8.000
8.027
8.046
8.055
8.055
8.064
8.064
8.064
8.073
8.073
8.073
8.083
8.083
8.092
8.101
8.101
8.101
8.101
8.092
8.092
8.083
8.083
8.083
8.073
8.073
8.064
8.055
8.046
8.037
8.027
8.018
8.018
8.009
8.000
7.991
7.981
7.972
7.963
7.954
7.945
7.935
7.935
7.926
7.926
7.917
7.917
7.908
7.908
7.899
7.899
7.890
7.880
7.871
7.853
7.844
7.834
7.816
7.807
7.798
7.779
7.770
7.752
7.743
7.724
7.715
7.697
7.687
7.669
7.660
7.641
7.623
7.614
7.596
7.586
7.568
7.550
7.540
7.522
7.494
7.467
7.439
7.412
7.384
7.357
7.320
7.283
7.246
7.210
7.200
7.182
7.173
7.164
7.145
7.136
7.136
7.136
7.145
7.145
7.154
7.164
7.173
7.191
7.210
7.228
7.246
7.256
7.265
7.283
7.311
7.357
7.393
7.430
7.467
7.494
7.522
7.550
7.577
7.605
7.632
7.660
7.687
7.715
7.752
7.779
7.816
7.844
7.871
7.899
7.926
7.935
7.954
7.963
7.972
7.981
8.000
8.018
8.037
8.055
8.073
8.083
8.101
8.128
8.147
8.165
8.184
8.202
8.220
8.239
8.248
8.266
8.285
8.303
8.312
8.331
8.349
8.367
8.377
8.395
8.395
8.404
8.413
8.413
8.423
8.413
8.413
8.404
8.404
8.395
8.386
8.377
8.367
8.349
8.340
8.331
8.321
8.303
8.294
8.285
8.275
8.257
8.248
8.239
8.230
8.220
8.202
8.193
8.184
8.184
8.184
8.184
8.184
8.184
8.184
8.184
8.184
8.184
8.174
8.165
8.156
8.147
8.138
8.128
8.119
8.110
8.101
8.083
8.073
8.055
8.037
8.027
8.009
7.991
7.981
7.963
7.954
7.945
7.935
7.917
7.908
7.899
7.890
7.880
7.871
7.862
7.862
7.862
7.862
7.862
7.853
7.853
7.853
7.853
7.844
7.844
7.844
7.844
7.844
7.834
7.834
7.834
7.825
7.825
7.816
7.816
7.807
7.807
7.798
7.798
7.788
7.788
7.779
7.770
7.761
7.752
7.752
7.743
7.733
7.724
7.724
7.715
7.706
7.706
7.697
7.687
7.687
7.678
7.669
7.669
7.660
7.651
7.641
7.641
7.641
7.641
7.641
7.632
7.632
7.632
7.632
7.632
7.623
7.623
7.623
7.614
7.614
7.605
7.605
7.596
7.596
7.586
7.586
7.586
7.577
7.577
7.568
7.568
7.559
7.559
7.550
7.550
7.550
7.540
7.540
7.531
7.531
7.522
7.522
7.513
7.513
7.504
7.494
7.494
7.485
7.485
7.476
7.476
7.467
7.467
7.467
7.467
7.467
7.467
7.458
7.448
7.439
7.430
7.412
7.403
7.393
7.384
7.375
7.366
7.357
7.357
7.347
7.338
7.329
7.329
7.329
7.329
7.329
7.329
7.329
7.329
7.329
7.329
7.329
7.329
7.329
7.329
7.329
7.329
7.329
7.329
7.320
7.320
7.320
7.311
7.311
7.311
7.301
7.301
7.292
7.283
7.283
7.274
7.274
7.265
7.256
7.237
7.219
7.210
7.191
7.173
7.154
7.136
7.118
7.099
7.090
7.081
7.063
7.053
7.044
7.035
7.026
7.017
6.998
6.989
6.961
6.934
6.897
6.879
6.860
6.842
6.814
6.796
6.778
6.759
6.741
6.713
6.686
6.667
6.640
6.621
6.603
6.585
6.566
6.548
6.539
6.530
6.520
6.502
6.465
6.429
6.392
6.346
6.309
6.263
6.217
6.180
6.144
6.107
6.070
6.033
5.997
5.951
5.905
5.859
5.813
5.767
5.721
5.684
5.647
5.611
5.583
5.546
5.510
5.473
5.436
5.399
5.372
5.335
5.298
5.262
5.234
5.216
5.197
5.179
5.160
5.160
5.151
5.142
5.133
5.124
5.115
5.105
5.087
5.069
5.041
5.013
4.995
4.977
4.958
4.949
4.931
4.922
4.922
4.912
4.912
4.912
4.903
4.894
4.894
4.876
4.866
4.848
4.839
4.811
4.784
4.747
4.719
4.683
4.655
4.627
4.591
4.563
4.536
4.499
4.471
4.444
4.425
4.407
4.389
4.370
4.352
4.343
4.324
4.315
4.297
4.288
4.269
4.260
4.251
4.251
4.242
4.232
4.223
4.214
4.205
4.196
4.177
4.168
4.168
4.159
4.159
4.159
4.150
4.150
4.150
4.150
4.150
4.150
4.159
4.159
4.159
4.168
4.177
4.177
4.196
4.214
4.232
4.251
4.269
4.278
4.288
4.306
4.315
4.324
4.333
4.343
4.343
4.352
4.333
4.306
4.288
4.288
4.288
4.297
4.306
4.315
4.343
4.361
4.389
4.416
4.453
4.499
4.536
4.572
4.591
4.609
4.637
4.646
4.637
4.637
4.627
4.618
4.609
4.600
4.591
4.582
4.582
4.609
4.646
4.683
4.710
4.747
4.765
4.775
4.793
4.802
4.811
4.820
4.820
4.820
4.820
4.820
4.820
4.820
4.811
4.802
4.793
4.793
4.784
4.775
4.775
4.775
4.775
4.775
4.775
4.775
4.775
4.775
4.775
4.765
4.765
4.756
4.756
4.747
4.747
4.738
4.738
4.738
4.729
4.729
4.719
4.719
4.729
4.729
4.729
4.729
4.738
4.738
4.738
4.747
4.747
4.756
4.756
4.756
4.765
4.765
4.765
4.765
4.765
4.775
4.784
4.793
4.811
4.820
4.830
4.839
4.848
4.857
4.866
4.876
4.885
4.894
4.903
4.912
4.922
4.922
4.931
4.940
4.949
4.967
4.977
4.986
4.995
5.004
5.013
5.023
5.041
5.050
5.069
5.087
5.096
5.115
5.133
5.142
5.160
5.170
5.179
5.188
5.197
5.206
5.225
5.234
5.243
5.243
5.234
5.234
5.225
5.225
5.225
5.216
5.234
5.243
5.252
5.271
5.280
5.298
5.317
5.344
5.363
5.390
5.418
5.464
5.519
5.574
5.629
5.675
5.712
5.749
5.785
5.822
5.859
5.886
5.905
5.923
5.932
5.942
5.951
5.951
5.960
5.969
5.969
5.978
5.978
5.978
5.978
5.978
5.978
5.987
6.006
6.015
6.024
6.033
6.033
6.043
6.043
6.043
6.043
6.043
6.043
6.033
6.024
6.015
6.006
5.997
5.987
5.978
5.969
5.960
5.951
5.942
5.932
5.932
5.923
5.923
5.914
5.914
5.905
5.905
5.905
5.914
5.914
5.923
5.923
5.932
5.932
5.942
5.951
5.960
5.978
5.987
5.997
6.006
5.987
5.969
5.960
5.969
5.997
6.015
6.043
6.061
6.089
6.107
6.116
6.125
6.134
6.144
6.153
6.162
6.171
6.180
6.190
6.199
6.208
6.217
6.217
6.217
6.226
6.226
6.226
6.226
6.226
6.226
6.226
6.226
6.226
6.236
6.236
6.245
6.245
6.254
6.263
6.263
6.272
6.272
6.281
6.281
6.291
6.291
6.300
6.309
6.309
6.318
6.318
6.327
6.327
6.327
6.327
6.327
6.327
6.327
6.327
6.318
6.318
6.318
6.318
6.300
6.291
6.272
6.263
6.254
6.245
6.236
6.236
6.254
6.281
6.300
6.300
6.300
6.300
6.309
6.318
6.327
6.337
6.355
6.373
6.392
6.392
6.401
6.410
6.419
6.429
6.447
6.465
6.493
6.502
6.502
6.502
6.511
6.548
6.576
6.612
6.631
6.640
6.649
6.658
6.640
6.621
6.603
6.594
6.576
6.557
6.539
6.530
6.511
6.493
6.484
6.465
6.456
6.438
6.429
6.410
6.401
6.383
6.373
6.355
6.337
6.318
6.300
6.281
6.263
6.254
6.245
6.226
6.217
6.208
6.199
6.190
6.180
6.171
6.162
6.153
6.153
6.144
6.135
6.136
6.138
6.143
6.147
6.179
6.243
6.336
6.423
6.470
6.472
6.464
6.441
6.414
6.396
6.387
6.368
6.359
6.340
6.350
6.368
6.387
6.406
6.424
6.424
6.434
6.434
6.443
6.443
6.452
6.452
6.462
6.452
6.452
6.452
6.443
6.443
6.443
6.434
6.434
6.424
6.424
6.424
6.415
6.415
6.406
6.406
6.396
6.396
6.387
6.387
6.378
6.378
6.378
6.378
6.387
6.387
6.387
6.396
6.406
6.406
6.415
6.415
6.415
6.415
6.406
6.387
6.368
6.350
6.340
6.321
6.321
6.340
6.368
6.387
6.406
6.443
6.490
6.527
6.564
6.602
6.630
6.667
6.686
6.705
6.723
6.742
6.667
6.602
6.686
6.770
6.789
6.770
6.798
6.854
6.901
6.938
6.966
6.985
7.013
7.032
7.050
7.069
7.078
7.097
7.116
7.134
7.144
7.172
7.200
7.218
7.237
7.246
7.246
7.256
7.265
7.265
7.265
7.265
7.265
7.265
7.265
7.265
7.265
7.256
7.256
7.246
7.237
7.228
7.228
7.218
7.218
7.209
7.200
7.190
7.181
7.162
7.153
7.144
7.134
7.116
7.106
7.097
7.088
7.078
7.069
7.050
7.041
7.032
7.022
7.013
6.994
6.976
6.957
6.947
6.929
6.910
6.891
6.882
6.863
6.845
6.826
6.807
6.779
6.770
6.751
6.733
6.723
6.714
6.714
6.705
6.695
6.695
6.686
6.677
6.667
6.658
6.648
6.648
6.639
6.639
6.630
6.630
6.620
6.602
6.583
6.564
6.546
6.536
6.518
6.508
6.499
6.480
6.471
6.452
6.443
6.424
6.406
6.396
6.378
6.368
6.350
6.340
6.331
6.331
6.331
6.321
6.321
6.321
6.321
6.321
6.331
6.331
6.340
6.340
6.350
6.350
6.359
6.368
6.378
6.378
6.387
6.396
6.406
6.406
6.424
6.434
6.452
6.462
6.471
6.471
6.471
6.471
6.452
6.443
6.424
6.406
6.396
6.396
6.387
6.387
6.378
6.368
6.359
6.350
6.340
6.340
6.340
6.331
6.331
6.331
6.331
6.331
6.331
6.331
6.340
6.340
6.340
6.340
6.350
6.350
6.359
6.359
6.368
6.368
6.368
6.378
6.378
6.378
6.378
6.378
6.378
6.378
6.378
6.378
6.368
6.368
6.368
6.359
6.359
6.359
6.359
6.350
6.340
6.340
6.331
6.321
6.312
6.303
6.303
6.293
6.293
6.284
6.284
6.284
6.284
6.284
6.275
6.275
6.275
6.265
6.265
6.265
6.265
6.256
6.256
6.256
6.247
6.247
6.247
6.237
6.237
6.237
6.228
6.228
6.228
6.228
6.219
6.219
6.219
6.209
6.209
6.209
6.200
6.200
6.200
6.200
6.191
6.191
6.191
6.181
6.181
6.181
6.172
6.172
6.172
6.172
6.172
6.163
6.163
6.163
6.163
6.163
6.163
6.153
6.153
6.153
6.153
6.144
6.153
6.153
6.153
6.153
6.163
6.163
6.163
6.172
6.172
6.172
6.181
6.181
6.181
6.181
6.191
6.191
6.191
6.200
6.200
6.200
6.209
6.209
6.209
6.209
6.219
6.219
6.219
6.219
6.209
6.209
6.209
6.219
6.228
6.237
6.256
6.265
6.275
6.284
6.293
6.293
6.303
6.312
6.321
6.331
6.340
6.340
6.350
6.359
6.359
6.378
6.387
6.396
6.415
6.424
6.434
6.443
6.452
6.462
6.462
6.471
6.471
6.480
6.490
6.490
6.499
6.499
6.508
6.508
6.508
6.518
6.518
6.518
6.518
6.527
6.527
6.527
6.527
6.527
6.527
6.518
6.518
6.508
6.508
6.499
6.499
6.490
6.490
6.480
6.480
6.471
6.471
6.462
6.452
6.443
6.434
6.434
6.424
6.415
6.406
6.396
6.387
6.378
6.368
6.359
6.350
6.340
6.331
6.321
6.312
6.312
6.303
6.293
6.293
6.284
6.284
6.275
6.265
6.265
6.256
6.256
6.247
6.247
6.237
6.237
6.228
6.219
6.219
6.209
6.209
6.200
6.191
6.181
6.153
6.135
6.116
6.097
6.079
6.060
6.041
6.022
6.004
5.985
5.966
5.938
5.920
5.901
5.882
5.864
5.845
5.826
5.808
5.789
5.770
5.761
5.752
5.752
5.752
5.742
5.742
5.733
5.733
5.733
5.733
5.733
5.733
5.733
5.733
5.733
5.733
5.724
5.724
5.733
5.733
5.733
5.733
5.733
5.733
5.733
5.733
5.733
5.733
5.724
5.724
5.705
5.686
5.667
5.649
5.649
5.649
5.649
5.649
5.649
5.658
5.658
5.667
5.667
5.658
5.649
5.630
5.621
5.602
5.593
5.574
5.555
5.537
5.518
5.490
5.471
5.453
5.443
5.434
5.415
5.396
5.378
5.350
5.331
5.303
5.266
5.228
5.191
5.154
5.116
5.079
5.041
5.004
4.967
4.939
4.911
4.864
4.780
4.696
4.612
4.574
4.546
4.518
4.490
4.462
4.434
4.406
4.387
4.369
4.350
4.322
4.303
4.285
4.266
4.247
4.238
4.229
4.210
4.201
4.191
4.182
4.163
4.154
4.144
4.126
4.107
4.088
4.070
4.051
4.032
4.023
4.004
3.986
3.967
3.958
3.939
3.930
3.911
3.902
3.883
3.874
3.864
3.864
3.864
3.864
3.855
3.846
3.836
3.817
3.808
3.799
3.789
3.789
3.780
3.761
3.752
3.733
3.715
3.715
3.705
3.705
3.696
3.687
3.677
3.659
3.649
3.631
3.621
3.612
3.603
3.593
3.593
3.612
3.631
3.668
3.724
3.780
3.836
3.892
3.930
3.948
3.939
3.920
3.902
3.902
3.930
3.948
3.958
3.995
4.051
4.088
4.116
4.144
4.173
4.210
4.238
4.266
4.294
4.303
4.313
4.331
4.341
4.350
4.359
4.378
4.387
4.387
4.397
4.397
4.406
4.406
4.406
4.415
4.415
4.415
4.415
4.425
4.425
4.425
4.425
4.443
4.453
4.472
4.490
4.509
4.518
4.537
4.556
4.565
4.565
4.574
4.584
4.584
4.584
4.574
4.574
4.565
4.565
4.556
4.546
4.546
4.537
4.537
4.528
4.518
4.518
4.500
4.490
4.481
4.462
4.453
4.453
4.443
4.434
4.425
4.425
4.415
4.406
4.397
4.387
4.378
4.369
4.359
4.350
4.350
4.350
4.341
4.341
4.341
4.341
4.331
4.331
4.331
4.331
4.322
4.322
4.313
4.313
4.313
4.313
4.313
4.313
4.313
4.313
4.313
4.313
4.303
4.303
4.303
4.303
4.294
4.294
4.294
4.294
4.294
4.294
4.294
4.294
4.294
4.303
4.303
4.313
4.322
4.341
4.359
4.369
4.387
4.415
4.443
4.462
4.490
4.518
4.546
4.574
4.593
4.621
4.649
4.677
4.696
4.714
4.733
4.742
4.761
4.789
4.808
4.836
4.855
4.873
4.883
4.901
4.911
4.920
4.920
4.920
4.920
4.920
4.920
4.929
4.929
4.939
4.948
4.957
4.967
4.976
4.985
4.995
5.013
5.023
5.041
5.051
5.069
5.079
5.079
5.088
5.098
5.107
5.107
5.116
5.116
5.126
5.126
5.135
5.126
5.126
5.116
5.116
5.107
5.107
5.107
5.098
5.098
5.098
5.107
5.116
5.116
5.116
5.116
5.107
5.098
5.079
5.069
5.051
5.041
5.032
5.023
5.013
5.004
4.995
4.995
4.985
4.985
4.985
4.985
4.995
4.995
5.004
5.004
5.004
5.004
5.004
4.995
4.995
4.995
4.995
4.995
4.985
4.985
4.985
4.976
4.976
4.967
4.957
4.948
4.948
4.939
4.929
4.920
4.911
4.901
4.892
4.883
4.873
4.864
4.855
4.855
4.855
4.855
4.836
4.817
4.808
4.799
4.780
4.770
4.752
4.761
4.770
4.780
4.789
4.799
4.799
4.808
4.808
4.808
4.808
4.808
4.817
4.836
4.845
4.855
4.864
4.883
4.901
4.929
4.957
4.985
5.004
5.041
5.069
5.107
5.135
5.172
5.200
5.238
5.266
5.284
5.294
5.294
5.303
5.303
5.303
5.303
5.303
5.294
5.294
5.294
5.294
5.294
5.294
5.294
5.331
5.359
5.387
5.415
5.453
5.481
5.509
5.527
5.527
5.518
5.518
5.509
5.499
5.499
5.490
5.481
5.481
5.471
5.471
5.462
5.462
5.453
5.453
5.453
5.453
5.453
5.462
5.462
5.471
5.471
5.471
5.462
5.453
5.453
5.443
5.434
5.434
5.434
5.434
5.425
5.415
5.406
5.396
5.378
5.368
5.350
5.322
5.303
5.284
5.266
5.247
5.228
5.210
5.191
5.172
5.154
5.135
5.116
5.098
5.079
5.069
5.060
5.041
5.032
5.032
5.023
5.013
5.004
5.013
5.023
5.032
5.041
5.041
5.041
5.041
5.041
5.041
5.051
5.051
5.051
5.060
5.060
5.069
5.069
5.069
5.069
5.079
5.088
5.079
5.069
5.060
5.060
5.051
5.051
5.041
5.041
5.041
5.051
5.051
5.051
5.051
5.051
5.041
5.041
5.032
5.032
5.051
5.069
5.079
5.088
5.088
5.098
5.098
5.098
5.098
5.107
5.126
5.154
5.163
5.182
5.191
5.200
5.210
5.210
5.219
5.238
5.256
5.275
5.294
5.312
5.331
5.340
5.350
5.368
5.378
5.387
5.396
5.396
5.406
5.415
5.425
5.425
5.443
5.462
5.481
5.490
5.509
5.518
5.527
5.537
5.546
5.555
5.565
5.574
5.593
5.602
5.611
5.621
5.630
5.639
5.639
5.639
5.639
5.639
5.649
5.649
5.649
5.649
5.649
5.649
5.649
5.639
5.630
5.630
5.621
5.611
5.602
5.602
5.602
5.602
5.602
5.602
5.602
5.602
5.593
5.593
5.583
5.574
5.574
5.565
5.565
5.555
5.555
5.546
5.546
5.537
5.537
5.527
5.518
5.518
5.509
5.499
5.490
5.490
5.481
5.471
5.462
5.453
5.443
5.434
5.415
5.396
5.387
5.368
5.350
5.340
5.331
5.312
5.303
5.303
5.303
5.303
5.294
5.294
5.294
5.294
5.294
5.294
5.294
5.284
5.284
5.266
5.256
5.256
5.256
5.256
5.247
5.247
5.228
5.219
5.210
5.200
5.182
5.154
5.135
5.116
5.098
5.088
5.088
5.079
5.079
5.069
5.060
5.051
5.041
5.041
5.032
5.032
5.051
5.069
5.088
5.116
5.135
5.144
5.144
5.154
5.154
5.163
5.163
5.172
5.172
5.182
5.182
5.191
5.191
5.200
5.200
5.210
5.210
5.219
5.219
5.219
5.219
5.219
5.200
5.172
5.126
5.107
5.144
5.163
5.182
5.191
5.210
5.228
5.247
5.266
5.284
5.303
5.322
5.331
5.350
5.350
5.340
5.340
5.340
5.350
5.350
5.312
5.294
5.294
5.294
5.294
5.294
5.294
5.294
5.294
5.294
5.294
5.284
5.284
5.275
5.275
5.266
5.266
5.266
5.256
5.256
5.247
5.247
5.247
5.238
5.238
5.238
5.238
5.238
5.238
5.238
5.238
5.238
5.228
5.228
5.228
5.219
5.219
5.210
5.200
5.191
5.191
5.182
5.163
5.154
5.144
5.126
5.116
5.098
5.088
5.069
5.060
5.041
5.023
4.995
4.976
4.948
4.920
4.901
4.892
4.873
4.864
4.845
4.836
4.827
4.817
4.817
4.808
4.799
4.789
4.780
4.770
4.761
4.761
4.770
4.780
4.780
4.789
4.789
4.789
4.789
4.789
4.789
4.789
4.799
4.808
4.808
4.799
4.799
4.799
4.799
4.808
4.827
4.855
4.873
4.883
4.901
4.911
4.920
4.939
4.957
4.976
4.995
5.023
5.060
5.088
5.126
5.172
5.210
5.256
5.284
5.303
5.322
5.340
5.350
5.350
5.359
5.350
5.340
5.340
5.387
5.434
5.481
5.499
5.499
5.509
5.537
5.565
5.593
5.630
5.658
5.695
5.733
5.761
5.780
5.798
5.817
5.826
5.845
5.854
5.864
5.873
5.882
5.892
5.892
5.892
5.901
5.910
5.920
5.929
5.938
5.948
5.966
5.976
5.985
5.994
5.994
5.994
5.985
5.976
5.976
5.966
5.966
5.957
5.948
5.948
5.938
5.929
5.929
5.920
5.910
5.910
5.901
5.892
5.892
5.882
5.882
5.882
5.873
5.873
5.873
5.873
5.873
5.864
5.864
5.854
5.845
5.826
5.817
5.808
5.789
5.780
5.761
5.742
5.724
5.705
5.686
5.667
5.649
5.639
5.639
5.630
5.621
5.621
5.611
5.602
5.602
5.593
5.574
5.555
5.537
5.518
5.527
5.537
5.537
5.546
5.555
5.565
5.574
5.574
5.583
5.593
5.593
5.593
5.583
5.583
5.593
5.593
5.593
5.602
5.621
5.639
5.649
5.649
5.630
5.602
5.611
5.611
5.621
5.639
5.667
5.705
5.733
5.770
5.798
5.826
5.864
5.892
5.920
5.948
5.976
6.022
6.069
6.116
6.163
6.200
6.228
6.256
6.275
6.284
6.303
6.312
6.312
6.321
6.331
6.359
6.424
6.480
6.508
6.527
6.555
6.583
6.611
6.639
6.677
6.705
6.733
6.761
6.789
6.807
6.826
6.835
6.854
6.882
6.901
6.919
6.938
6.966
6.985
7.013
7.032
7.032
7.032
7.032
7.032
7.022
7.022
7.013
7.004
7.004
6.994
6.985
6.985
6.976
6.976
6.966
6.966
6.957
6.947
6.929
6.910
6.891
6.873
6.863
6.845
6.835
6.817
6.807
6.807
6.798
6.798
6.789
6.789
6.779
6.779
6.770
6.770
6.761
6.761
6.751
6.751
6.751
6.751
6.751
6.742
6.742
6.742
6.733
6.723
6.723
6.723
6.723
6.723
6.723
6.723
6.723
6.723
6.714
6.705
6.695
6.686
6.677
6.677
6.667
6.667
6.667
6.667
6.667
6.667
6.667
6.667
6.677
6.677
6.677
6.686
6.686
6.695
6.695
6.714
6.733
6.742
6.761
6.779
6.798
6.817
6.826
6.835
6.845
6.854
6.882
6.901
6.919
6.947
6.976
7.004
7.032
7.060
7.088
7.106
7.125
7.144
7.162
7.172
7.190
7.200
7.218
7.237
7.246
7.265
7.303
7.359
7.415
7.452
7.489
7.517
7.545
7.508
7.433
7.471
7.508
7.545
7.564
7.573
7.592
7.602
7.611
7.620
7.639
7.648
7.686
7.732
7.779
7.826
7.863
7.910
7.938
7.966
7.985
8.013
8.031
8.041
8.050
8.059
8.069
8.078
8.078
8.078
8.078
8.069
8.069
8.069
8.069
8.069
8.069
8.069
8.069
8.069
8.050
8.041
8.022
8.003
7.994
7.975
7.957
7.938
7.919
7.910
7.900
7.900
7.891
7.882
7.872
7.863
7.863
7.863
7.863
7.863
7.863
7.854
7.854
7.844
7.835
7.826
7.816
7.807
